DATE	crun	evap	upcpRF	upcpSF	temp	upepot	upevap	cout	rout	soim	sm13	upsmfp	snow	upcprc
UNITS	mm	mm	mm	mm	deg	mm	mm	m3/s	m3/s	mm	mm	-	mm	mm
2001-01-01	0.000E+00	0.000E+00	0.000E+00	1.015E+01	-3.740E+00	0.000E+00	0.000E+00	0.000E+00	5.086E+00	3.857E+02	3.857E+02	NaN	8.892E+00	1.015E+01
2001-01-02	6.301E-02	0.000E+00	1.078E+00	2.404E+00	-1.300E-01	0.000E+00	0.000E+00	1.883E-03	4.996E+00	3.870E+02	3.870E+02	NaN	1.121E+01	3.482E+00
2001-01-03	3.387E-01	1.597E-01	1.542E+00	8.062E-01	2.000E+00	1.078E-01	1.078E-01	9.520E-03	4.996E+00	3.915E+02	3.915E+02	NaN	8.886E+00	2.348E+00
2001-01-04	8.333E-02	0.000E+00	1.265E-02	1.826E-02	5.000E-01	2.987E-06	2.987E-06	3.844E-03	5.003E+00	3.914E+02	3.914E+02	NaN	8.895E+00	3.090E-02
2001-01-05	5.939E-01	1.605E-01	1.490E+00	8.015E-01	2.000E+00	1.043E-01	1.043E-01	1.781E-02	5.010E+00	3.954E+02	3.948E+02	NaN	6.443E+00	2.291E+00
2001-01-06	1.909E+00	2.374E-01	5.188E+00	1.659E+00	2.630E+00	1.801E-01	1.801E-01	5.836E-02	5.043E+00	4.023E+02	4.001E+02	NaN	4.212E+00	6.846E+00
2001-01-07	2.006E+00	2.892E-01	1.750E-01	3.351E-02	3.050E+00	2.397E-01	2.397E-01	8.424E-02	5.322E+00	4.037E+02	4.003E+02	NaN	6.059E-01	2.085E-01
2001-01-08	1.556E+00	3.242E-01	2.081E-01	3.073E-02	3.330E+00	2.594E-01	2.594E-01	1.104E-01	5.685E+00	4.026E+02	4.003E+02	NaN	1.009E-02	2.389E-01
2001-01-09	1.180E+00	1.512E-01	2.960E-01	1.703E-01	1.910E+00	9.618E-02	9.618E-02	1.510E-01	6.107E+00	4.015E+02	4.003E+02	NaN	9.165E-02	4.664E-01
2001-01-10	8.873E-01	0.000E+00	0.000E+00	0.000E+00	-2.640E+00	0.000E+00	0.000E+00	1.911E-01	6.541E+00	4.006E+02	4.003E+02	NaN	9.165E-02	0.000E+00
2001-01-11	7.046E-01	0.000E+00	2.131E-02	1.772E-01	-1.250E+00	0.000E+00	0.000E+00	2.250E-01	6.924E+00	3.999E+02	3.998E+02	NaN	1.740E-01	1.985E-01
2001-01-12	5.698E-01	0.000E+00	0.000E+00	0.000E+00	-4.230E+00	0.000E+00	0.000E+00	2.515E-01	7.173E+00	3.994E+02	3.994E+02	NaN	1.740E-01	0.000E+00
2001-01-13	4.641E-01	0.000E+00	0.000E+00	0.000E+00	-1.760E+00	0.000E+00	0.000E+00	2.711E-01	7.298E+00	3.989E+02	3.989E+02	NaN	1.740E-01	0.000E+00
2001-01-14	3.816E-01	0.000E+00	0.000E+00	0.000E+00	-3.300E+00	0.000E+00	0.000E+00	2.853E-01	7.335E+00	3.985E+02	3.985E+02	NaN	1.740E-01	0.000E+00
2001-01-15	3.139E-01	0.000E+00	0.000E+00	0.000E+00	-4.310E+00	0.000E+00	0.000E+00	2.952E-01	7.314E+00	3.982E+02	3.982E+02	NaN	1.740E-01	0.000E+00
2001-01-16	2.655E-01	0.000E+00	0.000E+00	3.253E-02	-4.440E+00	0.000E+00	0.000E+00	3.019E-01	7.205E+00	3.979E+02	3.979E+02	NaN	1.836E-01	3.253E-02
2001-01-17	2.450E-01	0.000E+00	0.000E+00	2.099E-01	-3.830E+00	0.000E+00	0.000E+00	3.067E-01	7.062E+00	3.977E+02	3.977E+02	NaN	2.900E-01	2.099E-01
2001-01-18	2.268E-01	0.000E+00	1.264E-04	4.551E-02	-2.020E+00	0.000E+00	0.000E+00	3.101E-01	6.899E+00	3.975E+02	3.975E+02	NaN	3.047E-01	4.564E-02
2001-01-19	2.203E-01	0.000E+00	4.490E-02	6.911E-01	-1.530E+00	0.000E+00	0.000E+00	3.142E-01	6.780E+00	3.973E+02	3.973E+02	NaN	8.802E-01	7.360E-01
2001-01-20	2.338E-01	0.000E+00	1.542E-01	1.455E+00	-1.350E+00	0.000E+00	0.000E+00	3.206E-01	6.664E+00	3.974E+02	3.974E+02	NaN	2.395E+00	1.609E+00
2001-01-21	2.130E-01	0.000E+00	3.177E-02	5.845E-01	-1.630E+00	0.000E+00	0.000E+00	3.266E-01	6.584E+00	3.973E+02	3.973E+02	NaN	2.999E+00	6.163E-01
2001-01-22	2.190E-01	0.000E+00	6.939E-02	2.231E+00	-1.720E+00	0.000E+00	0.000E+00	3.338E-01	6.452E+00	3.973E+02	3.973E+02	NaN	4.933E+00	2.300E+00
2001-01-23	2.174E-01	0.000E+00	1.143E-01	1.194E+00	-1.340E+00	0.000E+00	0.000E+00	3.418E-01	6.359E+00	3.973E+02	3.973E+02	NaN	5.994E+00	1.308E+00
2001-01-24	6.293E-01	8.052E-02	1.217E+00	9.956E-01	1.300E+00	3.710E-02	3.710E-02	3.677E-01	6.248E+00	3.994E+02	3.993E+02	NaN	5.401E+00	2.213E+00
2001-01-25	9.696E-01	1.610E-01	0.000E+00	0.000E+00	1.920E+00	1.167E-01	1.167E-01	4.062E-01	6.193E+00	4.011E+02	4.006E+02	NaN	2.581E+00	0.000E+00
2001-01-26	1.109E+00	1.850E-01	2.366E-02	1.165E-02	2.100E+00	1.349E-01	1.349E-01	4.536E-01	6.108E+00	4.017E+02	4.011E+02	NaN	5.926E-01	3.531E-02
2001-01-27	8.517E-01	3.713E-02	2.696E-02	2.845E-02	9.600E-01	3.425E-03	3.425E-03	4.922E-01	6.024E+00	4.012E+02	4.011E+02	NaN	2.234E-01	5.541E-02
2001-01-28	6.577E-01	2.599E-03	5.046E-03	6.527E-03	6.800E-01	2.070E-05	2.070E-05	5.209E-01	5.910E+00	4.006E+02	4.006E+02	NaN	2.234E-01	1.157E-02
2001-01-29	5.470E-01	0.000E+00	4.476E-02	1.490E-01	-5.300E-01	0.000E+00	0.000E+00	5.442E-01	5.790E+00	4.001E+02	4.001E+02	NaN	3.209E-01	1.938E-01
2001-01-30	4.493E-01	0.000E+00	0.000E+00	0.000E+00	-2.330E+00	0.000E+00	0.000E+00	5.622E-01	5.670E+00	3.996E+02	3.996E+02	NaN	3.209E-01	0.000E+00
2001-01-31	4.328E-01	0.000E+00	2.323E-01	2.191E+00	-1.430E+00	0.000E+00	0.000E+00	5.811E-01	5.546E+00	3.995E+02	3.995E+02	NaN	2.112E+00	2.423E+00
2001-02-01	3.452E-01	0.000E+00	0.000E+00	5.273E-01	-5.880E+00	0.000E+00	0.000E+00	5.968E-01	5.427E+00	3.991E+02	3.991E+02	NaN	2.542E+00	5.273E-01
2001-02-02	2.854E-01	0.000E+00	0.000E+00	6.073E-01	-1.005E+01	0.000E+00	0.000E+00	6.095E-01	5.287E+00	3.989E+02	3.989E+02	NaN	3.134E+00	6.073E-01
2001-02-03	2.564E-01	0.000E+00	0.000E+00	3.315E-02	-1.476E+01	0.000E+00	0.000E+00	6.214E-01	5.169E+00	3.986E+02	3.986E+02	NaN	3.134E+00	3.315E-02
2001-02-04	2.382E-01	0.000E+00	0.000E+00	5.586E-04	-1.659E+01	0.000E+00	0.000E+00	6.321E-01	4.976E+00	3.984E+02	3.984E+02	NaN	3.134E+00	5.586E-04
2001-02-05	2.217E-01	0.000E+00	0.000E+00	2.458E+00	-1.606E+01	0.000E+00	0.000E+00	6.446E-01	4.791E+00	3.981E+02	3.981E+02	NaN	5.528E+00	2.458E+00
2001-02-06	2.068E-01	0.000E+00	0.000E+00	3.156E+00	-4.760E+00	0.000E+00	0.000E+00	6.595E-01	4.658E+00	3.979E+02	3.979E+02	NaN	8.599E+00	3.156E+00
2001-02-07	1.721E+00	5.409E-01	5.127E-03	0.000E+00	4.640E+00	4.907E-01	4.907E-01	7.594E-01	4.550E+00	4.034E+02	4.019E+02	NaN	8.951E-01	5.127E-03
2001-02-08	2.244E+00	5.597E-01	4.700E+00	0.000E+00	4.760E+00	5.112E-01	5.112E-01	9.467E-01	4.499E+00	4.060E+02	4.023E+02	NaN	0.000E+00	4.700E+00
2001-02-09	1.462E+00	0.000E+00	6.412E-03	3.694E-02	-1.130E+00	0.000E+00	0.000E+00	1.142E+00	4.509E+00	4.046E+02	4.023E+02	NaN	2.173E-02	4.335E-02
2001-02-10	1.147E+00	0.000E+00	0.000E+00	2.846E-04	-3.910E+00	0.000E+00	0.000E+00	1.283E+00	4.451E+00	4.034E+02	4.023E+02	NaN	2.173E-02	2.846E-04
2001-02-11	1.070E+00	0.000E+00	6.430E-01	1.838E+00	-5.200E-01	0.000E+00	0.000E+00	1.398E+00	4.363E+00	4.031E+02	4.023E+02	NaN	1.706E+00	2.481E+00
2001-02-12	1.201E+00	5.834E-01	0.000E+00	0.000E+00	4.860E+00	5.174E-01	5.174E-01	1.516E+00	4.309E+00	4.030E+02	4.024E+02	NaN	0.000E+00	0.000E+00
2001-02-13	7.755E-01	2.611E-01	0.000E+00	0.000E+00	2.540E+00	2.062E-01	2.062E-01	1.603E+00	4.250E+00	4.020E+02	4.019E+02	NaN	0.000E+00	0.000E+00
2001-02-14	5.926E-01	3.481E-01	0.000E+00	0.000E+00	3.150E+00	2.756E-01	2.756E-01	1.658E+00	4.170E+00	4.010E+02	4.010E+02	NaN	0.000E+00	0.000E+00
2001-02-15	4.360E-01	5.022E-01	0.000E+00	0.000E+00	4.230E+00	4.197E-01	4.197E-01	1.691E+00	4.084E+00	4.001E+02	4.001E+02	NaN	0.000E+00	0.000E+00
2001-02-16	2.869E-01	0.000E+00	0.000E+00	0.000E+00	-5.300E-01	0.000E+00	0.000E+00	1.708E+00	4.010E+00	3.998E+02	3.998E+02	NaN	0.000E+00	0.000E+00
2001-02-17	2.672E-01	0.000E+00	0.000E+00	0.000E+00	1.500E-01	0.000E+00	0.000E+00	1.720E+00	3.904E+00	3.995E+02	3.995E+02	NaN	0.000E+00	0.000E+00
2001-02-18	2.494E-01	1.438E-01	0.000E+00	0.000E+00	1.680E+00	9.798E-02	9.798E-02	1.729E+00	3.802E+00	3.991E+02	3.991E+02	NaN	0.000E+00	0.000E+00
2001-02-19	2.625E-01	2.221E-01	3.822E-01	1.801E-01	2.220E+00	1.492E-01	1.492E-01	1.740E+00	3.734E+00	3.990E+02	3.990E+02	NaN	1.124E-01	5.623E-01
2001-02-20	2.281E-01	1.162E-01	0.000E+00	0.000E+00	1.480E+00	5.825E-02	5.825E-02	1.748E+00	3.674E+00	3.988E+02	3.988E+02	NaN	0.000E+00	0.000E+00
2001-02-21	2.072E-01	2.821E-01	5.507E-02	1.746E-02	2.620E+00	2.207E-01	2.207E-01	1.753E+00	3.599E+00	3.983E+02	3.983E+02	NaN	2.338E-03	7.252E-02
2001-02-22	1.915E-01	0.000E+00	0.000E+00	1.346E+00	-4.030E+00	0.000E+00	0.000E+00	1.756E+00	3.524E+00	3.981E+02	3.981E+02	NaN	1.469E+00	1.346E+00
2001-02-23	1.824E-01	0.000E+00	0.000E+00	2.010E-01	-1.033E+01	0.000E+00	0.000E+00	1.756E+00	3.459E+00	3.979E+02	3.979E+02	NaN	1.594E+00	2.010E-01
2001-02-24	1.737E-01	0.000E+00	0.000E+00	5.992E+00	-1.090E+01	0.000E+00	0.000E+00	1.761E+00	3.394E+00	3.977E+02	3.977E+02	NaN	7.955E+00	5.992E+00
2001-02-25	1.654E-01	0.000E+00	0.000E+00	1.766E+00	-6.230E+00	0.000E+00	0.000E+00	1.765E+00	3.339E+00	3.976E+02	3.976E+02	NaN	9.863E+00	1.766E+00
2001-02-26	1.576E-01	0.000E+00	0.000E+00	2.551E-02	-1.134E+01	0.000E+00	0.000E+00	1.754E+00	3.276E+00	3.974E+02	3.974E+02	NaN	9.863E+00	2.551E-02
2001-02-27	1.502E-01	0.000E+00	0.000E+00	5.788E+00	-1.302E+01	0.000E+00	0.000E+00	1.746E+00	3.227E+00	3.973E+02	3.973E+02	NaN	1.605E+01	5.788E+00
2001-02-28	1.431E-01	0.000E+00	0.000E+00	2.536E+00	-6.740E+00	0.000E+00	0.000E+00	1.738E+00	3.192E+00	3.971E+02	3.971E+02	NaN	1.850E+01	2.536E+00
2001-03-01	1.364E-01	0.000E+00	0.000E+00	5.445E+00	-6.660E+00	0.000E+00	0.000E+00	1.727E+00	3.161E+00	3.970E+02	3.970E+02	NaN	2.397E+01	5.445E+00
2001-03-02	1.301E-01	0.000E+00	0.000E+00	1.611E-01	-5.830E+00	0.000E+00	0.000E+00	1.708E+00	3.113E+00	3.969E+02	3.969E+02	NaN	2.405E+01	1.611E-01
2001-03-03	1.240E-01	0.000E+00	0.000E+00	1.140E-02	-1.066E+01	0.000E+00	0.000E+00	1.677E+00	3.076E+00	3.967E+02	3.967E+02	NaN	2.405E+01	1.140E-02
2001-03-04	1.183E-01	0.000E+00	0.000E+00	5.158E-03	-7.660E+00	0.000E+00	0.000E+00	1.645E+00	3.029E+00	3.966E+02	3.966E+02	NaN	2.405E+01	5.158E-03
2001-03-05	1.129E-01	0.000E+00	0.000E+00	0.000E+00	-7.240E+00	0.000E+00	0.000E+00	1.611E+00	2.965E+00	3.965E+02	3.965E+02	NaN	2.405E+01	0.000E+00
2001-03-06	1.118E-01	3.432E-03	0.000E+00	0.000E+00	6.900E-01	2.306E-05	2.306E-05	1.576E+00	2.899E+00	3.965E+02	3.965E+02	NaN	2.398E+01	0.000E+00
2001-03-07	1.035E-01	0.000E+00	0.000E+00	0.000E+00	-6.200E-01	0.000E+00	0.000E+00	1.540E+00	2.868E+00	3.964E+02	3.964E+02	NaN	2.398E+01	0.000E+00
2001-03-08	3.915E-01	1.805E-01	1.382E-02	8.280E-03	1.840E+00	1.179E-01	1.179E-01	1.522E+00	2.825E+00	3.985E+02	3.985E+02	NaN	2.126E+01	2.210E-02
2001-03-09	8.721E-01	1.611E-01	1.699E+00	1.065E+00	1.710E+00	1.022E-01	1.022E-01	1.543E+00	2.764E+00	4.016E+02	4.011E+02	NaN	1.968E+01	2.765E+00
2001-03-10	2.027E+00	4.603E-01	1.338E-01	8.388E-03	3.620E+00	3.994E-01	3.994E-01	1.654E+00	2.737E+00	4.060E+02	4.034E+02	NaN	1.286E+01	1.422E-01
2001-03-11	3.182E+00	7.228E-01	2.058E-01	0.000E+00	5.280E+00	6.469E-01	6.469E-01	1.887E+00	2.763E+00	4.102E+02	4.040E+02	NaN	4.905E+00	2.058E-01
2001-03-12	4.033E+00	7.984E-01	3.535E+00	0.000E+00	5.740E+00	7.130E-01	7.130E-01	2.276E+00	2.900E+00	4.135E+02	4.044E+02	NaN	0.000E+00	3.535E+00
2001-03-13	2.711E+00	4.250E-01	6.230E-02	8.892E-03	3.360E+00	3.472E-01	3.472E-01	2.627E+00	3.072E+00	4.104E+02	4.042E+02	NaN	0.000E+00	7.119E-02
2001-03-14	2.467E+00	1.359E-01	1.631E+00	1.012E+00	1.530E+00	1.068E-01	1.068E-01	2.884E+00	3.210E+00	4.095E+02	4.043E+02	NaN	9.726E-01	2.643E+00
2001-03-15	2.047E+00	4.068E-02	3.684E-01	3.879E-01	9.300E-01	3.457E-03	3.457E-03	3.061E+00	3.390E+00	4.083E+02	4.043E+02	NaN	6.415E-01	7.563E-01
2001-03-16	2.283E+00	0.000E+00	3.499E+00	8.463E+00	-2.100E-01	0.000E+00	0.000E+00	3.250E+00	3.558E+00	4.090E+02	4.046E+02	NaN	6.153E+00	1.196E+01
2001-03-17	1.695E+00	0.000E+00	1.038E-03	8.773E-01	-2.180E+00	0.000E+00	0.000E+00	3.404E+00	3.754E+00	4.073E+02	4.045E+02	NaN	6.916E+00	8.783E-01
2001-03-18	1.341E+00	0.000E+00	0.000E+00	8.152E-02	-7.050E+00	0.000E+00	0.000E+00	3.484E+00	3.883E+00	4.060E+02	4.044E+02	NaN	6.943E+00	8.152E-02
2001-03-19	1.065E+00	0.000E+00	0.000E+00	0.000E+00	-7.600E+00	0.000E+00	0.000E+00	3.527E+00	4.007E+00	4.049E+02	4.043E+02	NaN	6.943E+00	0.000E+00
2001-03-20	8.485E-01	0.000E+00	0.000E+00	0.000E+00	-5.490E+00	0.000E+00	0.000E+00	3.548E+00	4.092E+00	4.041E+02	4.040E+02	NaN	6.943E+00	0.000E+00
2001-03-21	6.959E-01	0.000E+00	0.000E+00	0.000E+00	-4.530E+00	0.000E+00	0.000E+00	3.552E+00	4.153E+00	4.034E+02	4.034E+02	NaN	6.943E+00	0.000E+00
2001-03-22	5.828E-01	0.000E+00	0.000E+00	0.000E+00	-3.260E+00	0.000E+00	0.000E+00	3.545E+00	4.163E+00	4.028E+02	4.028E+02	NaN	6.943E+00	0.000E+00
2001-03-23	4.906E-01	0.000E+00	0.000E+00	0.000E+00	-3.780E+00	0.000E+00	0.000E+00	3.527E+00	4.163E+00	4.023E+02	4.023E+02	NaN	6.943E+00	0.000E+00
2001-03-24	4.146E-01	0.000E+00	0.000E+00	0.000E+00	-2.510E+00	0.000E+00	0.000E+00	3.495E+00	4.163E+00	4.019E+02	4.019E+02	NaN	6.943E+00	0.000E+00
2001-03-25	3.519E-01	0.000E+00	0.000E+00	0.000E+00	-2.800E+00	0.000E+00	0.000E+00	3.451E+00	4.095E+00	4.015E+02	4.015E+02	NaN	6.943E+00	0.000E+00
2001-03-26	3.190E-01	0.000E+00	0.000E+00	1.204E-01	-2.620E+00	0.000E+00	0.000E+00	3.396E+00	4.041E+00	4.012E+02	4.012E+02	NaN	7.153E+00	1.204E-01
2001-03-27	2.984E-01	0.000E+00	0.000E+00	0.000E+00	-1.730E+00	0.000E+00	0.000E+00	3.333E+00	4.005E+00	4.009E+02	4.009E+02	NaN	7.153E+00	0.000E+00
2001-03-28	2.797E-01	0.000E+00	0.000E+00	0.000E+00	-9.000E-01	0.000E+00	0.000E+00	3.262E+00	3.939E+00	4.006E+02	4.006E+02	NaN	7.153E+00	0.000E+00
2001-03-29	7.116E-01	1.240E-01	8.634E-01	6.817E-01	1.410E+00	5.704E-02	5.704E-02	3.223E+00	3.859E+00	4.025E+02	4.024E+02	NaN	6.028E+00	1.545E+00
2001-03-30	1.713E+00	1.346E-01	3.015E+00	2.201E+00	1.470E+00	7.479E-02	7.479E-02	3.290E+00	3.798E+00	4.063E+02	4.044E+02	NaN	6.355E+00	5.217E+00
2001-03-31	2.590E+00	6.331E-01	4.521E-03	1.946E-06	4.400E+00	5.505E-01	5.505E-01	3.483E+00	3.798E+00	4.092E+02	4.047E+02	NaN	2.322E-01	4.523E-03
2001-04-01	1.730E+00	1.178E+00	0.000E+00	0.000E+00	7.580E+00	1.060E+00	1.060E+00	3.690E+00	3.825E+00	4.065E+02	4.045E+02	NaN	0.000E+00	0.000E+00
2001-04-02	1.129E+00	1.076E+00	1.046E-02	0.000E+00	6.960E+00	9.766E-01	9.766E-01	3.816E+00	3.852E+00	4.043E+02	4.043E+02	NaN	0.000E+00	1.046E-02
2001-04-03	7.581E-01	1.087E+00	2.852E-01	0.000E+00	7.000E+00	1.015E+00	1.015E+00	3.823E+00	3.876E+00	4.026E+02	4.026E+02	NaN	0.000E+00	2.852E-01
2001-04-04	1.236E+00	8.887E-01	4.071E+00	0.000E+00	5.830E+00	7.840E-01	7.840E-01	3.857E+00	3.919E+00	4.042E+02	4.042E+02	NaN	0.000E+00	4.071E+00
2001-04-05	7.483E-01	8.676E-01	3.735E-01	0.000E+00	5.690E+00	7.615E-01	7.615E-01	3.867E+00	4.006E+00	4.028E+02	4.028E+02	NaN	0.000E+00	3.735E-01
2001-04-06	6.145E-01	9.504E-01	8.135E-01	0.000E+00	6.150E+00	8.458E-01	8.458E-01	3.827E+00	4.093E+00	4.019E+02	4.019E+02	NaN	0.000E+00	8.135E-01
2001-04-07	8.251E-01	1.083E+00	2.521E+00	0.000E+00	6.890E+00	9.898E-01	9.898E-01	3.807E+00	4.180E+00	4.024E+02	4.024E+02	NaN	0.000E+00	2.521E+00
2001-04-08	3.734E-01	1.018E+00	0.000E+00	0.000E+00	6.500E+00	9.077E-01	9.077E-01	3.757E+00	4.281E+00	4.011E+02	4.011E+02	NaN	0.000E+00	0.000E+00
2001-04-09	2.790E-01	9.372E-01	0.000E+00	0.000E+00	6.020E+00	8.231E-01	8.231E-01	3.665E+00	4.363E+00	3.998E+02	3.998E+02	NaN	0.000E+00	0.000E+00
2001-04-10	2.458E-01	7.150E-01	0.000E+00	0.000E+00	4.740E+00	6.323E-01	6.323E-01	3.559E+00	4.437E+00	3.989E+02	3.989E+02	NaN	0.000E+00	0.000E+00
2001-04-11	4.294E-01	6.450E-01	3.015E+00	0.000E+00	4.330E+00	5.614E-01	5.614E-01	3.490E+00	4.454E+00	4.004E+02	4.004E+02	NaN	0.000E+00	3.015E+00
2001-04-12	7.516E-01	1.106E-01	2.877E+00	2.543E+00	1.300E+00	3.163E-02	3.163E-02	3.487E+00	4.539E+00	4.027E+02	4.027E+02	NaN	2.070E+00	5.419E+00
2001-04-13	4.890E-01	0.000E+00	0.000E+00	0.000E+00	3.300E-01	0.000E+00	0.000E+00	3.469E+00	4.635E+00	4.022E+02	4.022E+02	NaN	2.070E+00	0.000E+00
2001-04-14	4.128E-01	0.000E+00	0.000E+00	0.000E+00	1.600E-01	0.000E+00	0.000E+00	3.415E+00	4.695E+00	4.018E+02	4.018E+02	NaN	2.070E+00	0.000E+00
2001-04-15	3.601E-01	3.104E-03	0.000E+00	0.000E+00	6.700E-01	2.086E-05	2.086E-05	3.346E+00	4.686E+00	4.015E+02	4.015E+02	NaN	2.008E+00	0.000E+00
2001-04-16	7.123E-01	4.721E-01	0.000E+00	0.000E+00	3.310E+00	3.801E-01	3.801E-01	3.312E+00	4.681E+00	4.023E+02	4.023E+02	NaN	0.000E+00	0.000E+00
2001-04-17	5.706E-01	5.077E-01	6.675E-01	9.130E-02	3.500E+00	3.943E-01	3.943E-01	3.286E+00	4.681E+00	4.019E+02	4.019E+02	NaN	1.926E-02	7.588E-01
2001-04-18	9.250E-01	4.587E-01	2.242E+00	3.699E-01	3.220E+00	3.721E-01	3.721E-01	3.291E+00	4.671E+00	4.032E+02	4.032E+02	NaN	2.206E-01	2.612E+00
2001-04-19	3.490E+00	4.166E-01	1.109E+01	2.475E+00	2.980E+00	3.305E-01	3.305E-01	3.582E+00	4.677E+00	4.118E+02	4.050E+02	NaN	1.602E+00	1.357E+01
2001-04-20	2.660E+00	3.724E-01	2.594E-01	7.395E-02	2.730E+00	2.935E-01	2.935E-01	3.924E+00	4.792E+00	4.106E+02	4.050E+02	NaN	5.529E-02	3.333E-01
2001-04-21	1.957E+00	5.479E-01	0.000E+00	0.000E+00	3.690E+00	4.560E-01	4.560E-01	4.117E+00	4.867E+00	4.082E+02	4.049E+02	NaN	0.000E+00	0.000E+00
2001-04-22	1.786E+00	3.617E-01	1.298E+00	4.331E-01	2.660E+00	2.623E-01	2.623E-01	4.229E+00	4.977E+00	4.075E+02	4.049E+02	NaN	2.956E-01	1.731E+00
2001-04-23	1.940E+00	7.828E-01	2.244E+00	0.000E+00	4.960E+00	6.742E-01	6.742E-01	4.348E+00	5.060E+00	4.075E+02	4.050E+02	NaN	0.000E+00	2.244E+00
2001-04-24	1.267E+00	1.127E+00	7.636E-02	0.000E+00	6.830E+00	1.019E+00	1.019E+00	4.402E+00	5.161E+00	4.052E+02	4.048E+02	NaN	0.000E+00	7.636E-02
2001-04-25	8.801E-01	1.191E+00	3.229E-01	0.000E+00	7.160E+00	1.090E+00	1.090E+00	4.375E+00	5.249E+00	4.034E+02	4.034E+02	NaN	0.000E+00	3.229E-01
2001-04-26	6.753E-01	1.251E+00	8.073E-01	0.000E+00	7.470E+00	1.151E+00	1.151E+00	4.314E+00	5.311E+00	4.022E+02	4.022E+02	NaN	0.000E+00	8.073E-01
2001-04-27	3.270E-01	1.473E+00	9.338E-04	0.000E+00	8.660E+00	1.341E+00	1.341E+00	4.211E+00	5.360E+00	4.004E+02	4.004E+02	NaN	0.000E+00	9.338E-04
2001-04-28	3.632E-01	1.297E+00	1.424E+00	0.000E+00	7.690E+00	1.174E+00	1.174E+00	4.106E+00	5.377E+00	4.001E+02	4.001E+02	NaN	0.000E+00	1.424E+00
2001-04-29	2.777E-01	1.467E+00	4.889E-01	0.000E+00	8.590E+00	1.340E+00	1.340E+00	4.002E+00	5.433E+00	3.988E+02	3.988E+02	NaN	0.000E+00	4.889E-01
2001-04-30	3.676E-01	1.539E+00	2.118E+00	0.000E+00	8.960E+00	1.435E+00	1.435E+00	3.912E+00	5.433E+00	3.992E+02	3.992E+02	NaN	0.000E+00	2.118E+00
2001-05-01	2.167E-01	1.984E+00	0.000E+00	0.000E+00	1.133E+01	1.826E+00	1.826E+00	3.810E+00	5.433E+00	3.970E+02	3.970E+02	NaN	0.000E+00	0.000E+00
2001-05-02	1.651E-01	2.002E+00	0.000E+00	0.000E+00	1.145E+01	1.868E+00	1.863E+00	3.690E+00	5.394E+00	3.948E+02	3.948E+02	NaN	0.000E+00	0.000E+00
2001-05-03	3.054E-01	2.183E+00	4.090E+00	0.000E+00	1.235E+01	2.044E+00	2.044E+00	3.592E+00	5.304E+00	3.960E+02	3.960E+02	NaN	0.000E+00	4.090E+00
2001-05-04	7.771E-02	1.433E+00	3.267E-02	0.000E+00	8.320E+00	1.299E+00	1.299E+00	3.479E+00	5.229E+00	3.945E+02	3.945E+02	NaN	0.000E+00	3.267E-02
2001-05-05	6.957E-02	1.262E+00	0.000E+00	0.000E+00	7.440E+00	1.141E+00	1.137E+00	3.348E+00	5.133E+00	3.932E+02	3.932E+02	NaN	0.000E+00	0.000E+00
2001-05-06	7.717E-02	1.034E+00	3.102E-01	0.000E+00	6.250E+00	9.548E-01	9.447E-01	3.220E+00	4.995E+00	3.923E+02	3.923E+02	NaN	0.000E+00	3.102E-01
2001-05-07	6.228E-02	1.681E+00	0.000E+00	0.000E+00	9.820E+00	1.585E+00	1.553E+00	3.093E+00	4.854E+00	3.906E+02	3.906E+02	NaN	0.000E+00	0.000E+00
2001-05-08	5.994E-02	2.063E+00	0.000E+00	0.000E+00	1.207E+01	2.022E+00	1.948E+00	2.967E+00	4.688E+00	3.885E+02	3.885E+02	NaN	0.000E+00	0.000E+00
2001-05-09	5.732E-02	2.545E+00	0.000E+00	0.000E+00	1.505E+01	2.603E+00	2.456E+00	2.844E+00	4.539E+00	3.859E+02	3.859E+02	NaN	0.000E+00	0.000E+00
2001-05-10	5.432E-02	2.012E+00	0.000E+00	0.000E+00	1.238E+01	2.113E+00	1.940E+00	2.725E+00	4.387E+00	3.838E+02	3.838E+02	NaN	0.000E+00	0.000E+00
2001-05-11	5.176E-02	1.939E+00	0.000E+00	0.000E+00	1.226E+01	2.086E+00	1.871E+00	2.612E+00	4.236E+00	3.818E+02	3.818E+02	NaN	0.000E+00	0.000E+00
2001-05-12	4.926E-02	2.093E+00	0.000E+00	0.000E+00	1.351E+01	2.334E+00	2.042E+00	2.503E+00	4.091E+00	3.797E+02	3.797E+02	NaN	0.000E+00	0.000E+00
2001-05-13	4.662E-02	2.349E+00	0.000E+00	0.000E+00	1.551E+01	2.696E+00	2.292E+00	2.398E+00	3.959E+00	3.773E+02	3.773E+02	NaN	0.000E+00	0.000E+00
2001-05-14	4.373E-02	1.707E+00	0.000E+00	0.000E+00	1.183E+01	2.040E+00	1.678E+00	2.298E+00	3.823E+00	3.755E+02	3.755E+02	NaN	0.000E+00	0.000E+00
2001-05-15	5.886E-02	1.439E+00	6.223E-01	0.000E+00	1.024E+01	1.730E+00	1.406E+00	2.206E+00	3.656E+00	3.744E+02	3.744E+02	NaN	0.000E+00	6.223E-01
2001-05-16	4.902E-01	1.444E+00	9.858E+00	0.000E+00	8.790E+00	1.458E+00	1.388E+00	2.177E+00	3.534E+00	3.820E+02	3.820E+02	NaN	0.000E+00	9.858E+00
2001-05-17	1.435E-01	2.090E+00	2.242E+00	0.000E+00	1.218E+01	2.074E+00	2.008E+00	2.138E+00	3.457E+00	3.820E+02	3.820E+02	NaN	0.000E+00	2.242E+00
2001-05-18	1.474E-01	1.937E+00	2.581E+00	0.000E+00	1.121E+01	1.863E+00	1.804E+00	2.074E+00	3.434E+00	3.823E+02	3.823E+02	NaN	0.000E+00	2.581E+00
2001-05-19	3.332E-02	1.857E+00	2.127E-03	0.000E+00	1.101E+01	1.839E+00	1.764E+00	1.998E+00	3.341E+00	3.804E+02	3.804E+02	NaN	0.000E+00	2.127E-03
2001-05-20	6.248E-02	1.749E+00	9.572E-01	0.000E+00	1.054E+01	1.737E+00	1.654E+00	1.922E+00	3.198E+00	3.793E+02	3.793E+02	NaN	0.000E+00	9.572E-01
2001-05-21	2.943E-02	1.380E+00	0.000E+00	0.000E+00	8.650E+00	1.383E+00	1.288E+00	1.850E+00	3.107E+00	3.779E+02	3.779E+02	NaN	0.000E+00	0.000E+00
2001-05-22	2.784E-02	1.727E+00	0.000E+00	0.000E+00	1.085E+01	1.837E+00	1.681E+00	1.779E+00	3.003E+00	3.761E+02	3.761E+02	NaN	0.000E+00	0.000E+00
2001-05-23	2.573E-02	2.044E+00	0.000E+00	0.000E+00	1.302E+01	2.208E+00	1.972E+00	1.711E+00	2.901E+00	3.741E+02	3.741E+02	NaN	0.000E+00	0.000E+00
2001-05-24	2.471E-02	1.970E+00	0.000E+00	0.000E+00	1.294E+01	2.216E+00	1.924E+00	1.647E+00	2.798E+00	3.721E+02	3.721E+02	NaN	0.000E+00	0.000E+00
2001-05-25	2.380E-02	1.369E+00	0.000E+00	0.000E+00	9.460E+00	1.561E+00	1.317E+00	1.587E+00	2.701E+00	3.707E+02	3.707E+02	NaN	0.000E+00	0.000E+00
2001-05-26	2.266E-02	1.714E+00	0.000E+00	0.000E+00	1.191E+01	2.007E+00	1.660E+00	1.531E+00	2.613E+00	3.689E+02	3.689E+02	NaN	0.000E+00	0.000E+00
2001-05-27	2.233E-02	2.038E+00	0.000E+00	0.000E+00	1.441E+01	2.484E+00	2.003E+00	1.477E+00	2.490E+00	3.669E+02	3.669E+02	NaN	0.000E+00	0.000E+00
2001-05-28	2.819E-01	1.876E+00	6.019E+00	0.000E+00	1.231E+01	2.117E+00	1.856E+00	1.454E+00	2.404E+00	3.702E+02	3.702E+02	NaN	0.000E+00	6.019E+00
2001-05-29	3.146E-01	1.094E+00	8.031E+00	0.000E+00	6.870E+00	1.087E+00	1.017E+00	1.456E+00	2.356E+00	3.750E+02	3.750E+02	NaN	0.000E+00	8.031E+00
2001-05-30	2.183E-02	1.276E+00	4.249E-02	0.000E+00	8.020E+00	1.301E+00	1.215E+00	1.430E+00	2.324E+00	3.737E+02	3.737E+02	NaN	0.000E+00	4.249E-02
2001-05-31	2.166E-02	1.656E+00	0.000E+00	0.000E+00	1.039E+01	1.758E+00	1.634E+00	1.383E+00	2.269E+00	3.721E+02	3.721E+02	NaN	0.000E+00	0.000E+00
2001-06-01	8.196E-02	1.866E+00	1.303E+00	0.000E+00	1.163E+01	1.976E+00	1.831E+00	1.344E+00	2.182E+00	3.714E+02	3.714E+02	NaN	0.000E+00	1.303E+00
2001-06-02	2.134E-02	1.878E+00	5.790E-02	0.000E+00	1.203E+01	2.037E+00	1.856E+00	1.303E+00	2.140E+00	3.695E+02	3.695E+02	NaN	0.000E+00	5.790E-02
2001-06-03	2.117E-02	1.653E+00	2.894E-02	0.000E+00	1.098E+01	1.895E+00	1.680E+00	1.262E+00	2.060E+00	3.678E+02	3.678E+02	NaN	0.000E+00	2.894E-02
2001-06-04	3.289E-02	1.918E+00	4.432E-01	0.000E+00	1.290E+01	2.235E+00	1.948E+00	1.223E+00	2.010E+00	3.661E+02	3.661E+02	NaN	0.000E+00	4.432E-01
2001-06-05	2.086E-02	1.846E+00	0.000E+00	0.000E+00	1.283E+01	2.182E+00	1.846E+00	1.186E+00	1.952E+00	3.643E+02	3.643E+02	NaN	0.000E+00	0.000E+00
2001-06-06	2.070E-02	1.773E+00	0.000E+00	0.000E+00	1.273E+01	2.187E+00	1.798E+00	1.150E+00	1.883E+00	3.625E+02	3.625E+02	NaN	0.000E+00	0.000E+00
2001-06-07	3.182E-01	1.819E+00	6.593E+00	0.000E+00	1.184E+01	1.996E+00	1.794E+00	1.146E+00	1.835E+00	3.667E+02	3.667E+02	NaN	0.000E+00	6.593E+00
2001-06-08	2.039E-02	1.593E+00	0.000E+00	0.000E+00	1.076E+01	1.796E+00	1.578E+00	1.129E+00	1.789E+00	3.650E+02	3.650E+02	NaN	0.000E+00	0.000E+00
2001-06-09	4.016E-02	1.406E+00	5.393E-01	0.000E+00	9.740E+00	1.610E+00	1.394E+00	1.099E+00	1.717E+00	3.640E+02	3.640E+02	NaN	0.000E+00	5.393E-01
2001-06-10	2.008E-02	1.450E+00	2.138E-02	0.000E+00	1.026E+01	1.708E+00	1.448E+00	1.069E+00	1.624E+00	3.625E+02	3.625E+02	NaN	0.000E+00	2.138E-02
2001-06-11	5.384E-02	1.408E+00	6.950E-01	0.000E+00	1.008E+01	1.686E+00	1.415E+00	1.043E+00	1.600E+00	3.618E+02	3.618E+02	NaN	0.000E+00	6.950E-01
2001-06-12	3.906E-02	1.520E+00	2.394E-01	0.000E+00	1.100E+01	1.851E+00	1.526E+00	1.017E+00	1.557E+00	3.607E+02	3.607E+02	NaN	0.000E+00	2.394E-01
2001-06-13	1.963E-02	1.776E+00	0.000E+00	0.000E+00	1.308E+01	2.250E+00	1.809E+00	9.899E-01	1.511E+00	3.589E+02	3.589E+02	NaN	0.000E+00	0.000E+00
2001-06-14	1.948E-02	1.668E+00	0.000E+00	0.000E+00	1.273E+01	2.157E+00	1.682E+00	9.626E-01	1.469E+00	3.572E+02	3.572E+02	NaN	0.000E+00	0.000E+00
2001-06-15	1.933E-02	1.726E+00	0.000E+00	0.000E+00	1.356E+01	2.323E+00	1.761E+00	9.363E-01	1.397E+00	3.554E+02	3.554E+02	NaN	0.000E+00	0.000E+00
2001-06-16	1.480E-01	1.469E+00	3.382E+00	0.000E+00	1.131E+01	1.913E+00	1.508E+00	9.245E-01	1.346E+00	3.565E+02	3.565E+02	NaN	0.000E+00	3.382E+00
2001-06-17	1.904E-02	1.478E+00	3.182E-02	0.000E+00	1.169E+01	1.982E+00	1.524E+00	9.074E-01	1.295E+00	3.551E+02	3.551E+02	NaN	0.000E+00	3.182E-02
2001-06-18	8.293E-02	1.625E+00	1.612E+00	0.000E+00	1.275E+01	2.164E+00	1.676E+00	8.902E-01	1.268E+00	3.547E+02	3.547E+02	NaN	0.000E+00	1.612E+00
2001-06-19	3.478E-02	2.003E+00	6.781E-01	0.000E+00	1.593E+01	2.757E+00	2.102E+00	8.708E-01	1.225E+00	3.530E+02	3.530E+02	NaN	0.000E+00	6.781E-01
2001-06-20	7.120E-02	2.034E+00	1.181E+00	0.000E+00	1.638E+01	2.856E+00	2.152E+00	8.531E-01	1.206E+00	3.520E+02	3.520E+02	NaN	0.000E+00	1.181E+00
2001-06-21	2.514E-01	1.882E+00	4.119E+00	0.000E+00	1.412E+01	2.436E+00	1.924E+00	8.531E-01	1.177E+00	3.548E+02	3.548E+02	NaN	0.000E+00	4.119E+00
2001-06-22	2.620E-01	1.830E+00	6.186E+00	0.000E+00	1.276E+01	2.169E+00	1.853E+00	8.627E-01	1.155E+00	3.579E+02	3.579E+02	NaN	0.000E+00	6.186E+00
2001-06-23	1.820E-02	2.281E+00	0.000E+00	0.000E+00	1.627E+01	2.809E+00	2.344E+00	8.513E-01	1.139E+00	3.556E+02	3.556E+02	NaN	0.000E+00	0.000E+00
2001-06-24	1.806E-02	2.422E+00	0.000E+00	0.000E+00	1.800E+01	3.147E+00	2.527E+00	8.283E-01	1.107E+00	3.532E+02	3.532E+02	NaN	0.000E+00	0.000E+00
2001-06-25	4.286E-02	2.313E+00	4.202E-01	0.000E+00	1.784E+01	3.111E+00	2.410E+00	8.070E-01	1.076E+00	3.514E+02	3.514E+02	NaN	0.000E+00	4.202E-01
2001-06-26	1.779E-02	2.284E+00	0.000E+00	0.000E+00	1.848E+01	3.243E+00	2.405E+00	7.855E-01	1.052E+00	3.490E+02	3.490E+02	NaN	0.000E+00	0.000E+00
2001-06-27	1.766E-02	2.363E+00	0.000E+00	0.000E+00	2.005E+01	3.535E+00	2.507E+00	7.638E-01	1.025E+00	3.467E+02	3.467E+02	NaN	0.000E+00	0.000E+00
2001-06-28	5.111E-02	2.274E+00	8.078E-01	0.000E+00	1.998E+01	3.510E+00	2.415E+00	7.458E-01	9.780E-01	3.451E+02	3.451E+02	NaN	0.000E+00	8.078E-01
2001-06-29	1.739E-02	2.077E+00	0.000E+00	0.000E+00	1.929E+01	3.360E+00	2.203E+00	7.272E-01	9.620E-01	3.430E+02	3.430E+02	NaN	0.000E+00	0.000E+00
2001-06-30	2.194E-01	2.108E+00	5.454E+00	0.000E+00	1.829E+01	3.165E+00	2.257E+00	7.260E-01	9.350E-01	3.449E+02	3.449E+02	NaN	0.000E+00	5.454E+00
2001-07-01	1.287E-01	1.994E+00	1.890E+00	0.000E+00	1.711E+01	2.938E+00	2.092E+00	7.251E-01	9.170E-01	3.452E+02	3.452E+02	NaN	0.000E+00	1.890E+00
2001-07-02	1.700E-02	1.932E+00	0.000E+00	0.000E+00	1.737E+01	3.000E+00	2.050E+00	7.114E-01	9.080E-01	3.432E+02	3.432E+02	NaN	0.000E+00	0.000E+00
2001-07-03	1.687E-02	2.063E+00	0.000E+00	0.000E+00	1.937E+01	3.383E+00	2.217E+00	6.931E-01	8.920E-01	3.411E+02	3.411E+02	NaN	0.000E+00	0.000E+00
2001-07-04	1.675E-02	2.126E+00	0.000E+00	0.000E+00	2.099E+01	3.686E+00	2.305E+00	6.745E-01	8.690E-01	3.390E+02	3.390E+02	NaN	0.000E+00	0.000E+00
2001-07-05	1.662E-02	2.050E+00	0.000E+00	0.000E+00	2.141E+01	3.757E+00	2.233E+00	6.564E-01	8.520E-01	3.369E+02	3.369E+02	NaN	0.000E+00	0.000E+00
2001-07-06	1.649E-02	1.989E+00	0.000E+00	0.000E+00	2.200E+01	3.847E+00	2.174E+00	6.388E-01	8.360E-01	3.349E+02	3.349E+02	NaN	0.000E+00	0.000E+00
2001-07-07	1.637E-02	1.936E+00	0.000E+00	0.000E+00	2.269E+01	3.975E+00	2.133E+00	6.217E-01	8.110E-01	3.330E+02	3.330E+02	NaN	0.000E+00	0.000E+00
2001-07-08	1.625E-02	1.809E+00	0.000E+00	0.000E+00	2.252E+01	3.955E+00	2.013E+00	6.052E-01	7.950E-01	3.312E+02	3.312E+02	NaN	0.000E+00	0.000E+00
2001-07-09	7.372E-02	1.745E+00	1.573E+00	0.000E+00	2.198E+01	3.818E+00	1.941E+00	5.944E-01	7.800E-01	3.306E+02	3.306E+02	NaN	0.000E+00	1.573E+00
2001-07-10	1.987E-02	1.389E+00	1.676E-01	0.000E+00	1.858E+01	3.185E+00	1.549E+00	5.822E-01	7.810E-01	3.292E+02	3.292E+02	NaN	0.000E+00	1.676E-01
2001-07-11	1.858E-01	1.381E+00	3.728E+00	0.000E+00	1.688E+01	2.879E+00	1.513E+00	5.822E-01	7.560E-01	3.313E+02	3.313E+02	NaN	0.000E+00	3.728E+00
2001-07-12	1.324E-01	1.280E+00	2.676E+00	0.000E+00	1.502E+01	2.517E+00	1.380E+00	5.840E-01	7.540E-01	3.323E+02	3.323E+02	NaN	0.000E+00	2.676E+00
2001-07-13	1.845E-01	1.254E+00	3.124E+00	0.000E+00	1.362E+01	2.280E+00	1.320E+00	5.892E-01	7.300E-01	3.345E+02	3.345E+02	NaN	0.000E+00	3.124E+00
2001-07-14	1.078E-01	1.476E+00	1.856E+00	0.000E+00	1.552E+01	2.604E+00	1.538E+00	5.887E-01	7.240E-01	3.349E+02	3.349E+02	NaN	0.000E+00	1.856E+00
2001-07-15	2.729E-02	1.634E+00	4.246E-01	0.000E+00	1.770E+01	2.990E+00	1.723E+00	5.790E-01	7.240E-01	3.335E+02	3.335E+02	NaN	0.000E+00	4.246E-01
2001-07-16	1.087E-01	1.285E+00	2.115E+00	0.000E+00	1.385E+01	2.277E+00	1.334E+00	5.735E-01	7.240E-01	3.340E+02	3.340E+02	NaN	0.000E+00	2.115E+00
2001-07-17	8.530E-02	1.309E+00	1.620E+00	0.000E+00	1.397E+01	2.304E+00	1.367E+00	5.690E-01	7.240E-01	3.341E+02	3.341E+02	NaN	0.000E+00	1.620E+00
2001-07-18	2.419E-01	1.441E+00	4.892E+00	0.000E+00	1.383E+01	2.285E+00	1.489E+00	5.768E-01	7.110E-01	3.373E+02	3.373E+02	NaN	0.000E+00	4.892E+00
2001-07-19	7.326E-02	1.655E+00	1.118E+00	0.000E+00	1.584E+01	2.613E+00	1.693E+00	5.755E-01	7.110E-01	3.368E+02	3.368E+02	NaN	0.000E+00	1.118E+00
2001-07-20	7.530E-02	1.826E+00	1.161E+00	0.000E+00	1.755E+01	2.950E+00	1.894E+00	5.683E-01	7.240E-01	3.362E+02	3.362E+02	NaN	0.000E+00	1.161E+00
2001-07-21	2.287E-01	1.914E+00	4.898E+00	0.000E+00	1.706E+01	2.851E+00	1.974E+00	5.730E-01	7.270E-01	3.386E+02	3.386E+02	NaN	0.000E+00	4.898E+00
2001-07-22	1.462E-02	1.879E+00	0.000E+00	0.000E+00	1.758E+01	2.894E+00	1.920E+00	5.663E-01	7.290E-01	3.367E+02	3.367E+02	NaN	0.000E+00	0.000E+00
2001-07-23	1.451E-02	1.928E+00	0.000E+00	0.000E+00	1.893E+01	3.163E+00	2.010E+00	5.529E-01	7.140E-01	3.347E+02	3.347E+02	NaN	0.000E+00	0.000E+00
2001-07-24	1.440E-02	1.843E+00	4.270E-02	0.000E+00	1.910E+01	3.180E+00	1.931E+00	5.391E-01	7.050E-01	3.329E+02	3.329E+02	NaN	0.000E+00	4.270E-02
2001-07-25	1.429E-02	1.848E+00	0.000E+00	0.000E+00	2.019E+01	3.365E+00	1.949E+00	5.257E-01	7.020E-01	3.310E+02	3.310E+02	NaN	0.000E+00	0.000E+00
2001-07-26	1.419E-02	1.735E+00	0.000E+00	0.000E+00	2.008E+01	3.330E+00	1.837E+00	5.128E-01	7.090E-01	3.293E+02	3.293E+02	NaN	0.000E+00	0.000E+00
2001-07-27	1.408E-02	1.630E+00	0.000E+00	0.000E+00	1.997E+01	3.309E+00	1.740E+00	5.004E-01	7.240E-01	3.276E+02	3.276E+02	NaN	0.000E+00	0.000E+00
2001-07-28	1.397E-02	1.597E+00	0.000E+00	0.000E+00	2.068E+01	3.437E+00	1.724E+00	4.884E-01	7.150E-01	3.260E+02	3.260E+02	NaN	0.000E+00	0.000E+00
2001-07-29	1.387E-02	1.555E+00	5.180E-04	0.000E+00	2.131E+01	3.512E+00	1.678E+00	4.767E-01	6.970E-01	3.244E+02	3.244E+02	NaN	0.000E+00	5.180E-04
2001-07-30	1.376E-02	1.294E+00	8.551E-02	0.000E+00	1.888E+01	3.072E+00	1.401E+00	4.657E-01	6.810E-01	3.231E+02	3.231E+02	NaN	0.000E+00	8.551E-02
2001-07-31	1.366E-02	1.068E+00	0.000E+00	0.000E+00	1.651E+01	2.661E+00	1.163E+00	4.557E-01	6.460E-01	3.221E+02	3.221E+02	NaN	0.000E+00	0.000E+00
2001-08-01	1.356E-02	1.007E+00	0.000E+00	0.000E+00	1.629E+01	2.613E+00	1.101E+00	4.462E-01	6.180E-01	3.210E+02	3.210E+02	NaN	0.000E+00	0.000E+00
2001-08-02	1.346E-02	9.541E-01	0.000E+00	0.000E+00	1.613E+01	2.599E+00	1.058E+00	4.371E-01	6.000E-01	3.201E+02	3.201E+02	NaN	0.000E+00	0.000E+00
2001-08-03	2.201E-01	1.042E+00	5.032E+00	0.000E+00	1.512E+01	2.410E+00	1.139E+00	4.430E-01	5.860E-01	3.232E+02	3.232E+02	NaN	0.000E+00	5.032E+00
2001-08-04	2.147E-01	1.447E+00	4.625E+00	0.000E+00	1.836E+01	2.935E+00	1.556E+00	4.533E-01	5.780E-01	3.258E+02	3.258E+02	NaN	0.000E+00	4.625E+00
2001-08-05	1.766E-01	1.410E+00	3.381E+00	0.000E+00	1.672E+01	2.657E+00	1.492E+00	4.609E-01	5.780E-01	3.277E+02	3.277E+02	NaN	0.000E+00	3.381E+00
2001-08-06	3.465E-01	1.517E+00	7.094E+00	0.000E+00	1.518E+01	2.392E+00	1.560E+00	4.799E-01	5.750E-01	3.329E+02	3.329E+02	NaN	0.000E+00	7.094E+00
2001-08-07	8.343E-02	1.503E+00	1.324E+00	0.000E+00	1.507E+01	2.379E+00	1.545E+00	4.835E-01	5.740E-01	3.328E+02	3.328E+02	NaN	0.000E+00	1.324E+00
2001-08-08	2.586E-01	1.504E+00	5.396E+00	0.000E+00	1.374E+01	2.124E+00	1.509E+00	4.934E-01	5.780E-01	3.363E+02	3.363E+02	NaN	0.000E+00	5.396E+00
2001-08-09	5.033E-02	1.645E+00	9.505E-01	0.000E+00	1.525E+01	2.361E+00	1.661E+00	4.921E-01	5.910E-01	3.354E+02	3.354E+02	NaN	0.000E+00	9.505E-01
2001-08-10	1.986E-02	1.596E+00	1.405E-01	0.000E+00	1.540E+01	2.389E+00	1.625E+00	4.833E-01	5.950E-01	3.339E+02	3.339E+02	NaN	0.000E+00	1.405E-01
2001-08-11	9.843E-02	1.431E+00	1.613E+00	0.000E+00	1.382E+01	2.116E+00	1.441E+00	4.794E-01	5.830E-01	3.342E+02	3.342E+02	NaN	0.000E+00	1.613E+00
2001-08-12	1.076E-01	1.338E+00	2.080E+00	0.000E+00	1.280E+01	1.955E+00	1.352E+00	4.787E-01	5.740E-01	3.348E+02	3.348E+02	NaN	0.000E+00	2.080E+00
2001-08-13	2.251E-02	1.725E+00	2.906E-01	0.000E+00	1.681E+01	2.602E+00	1.758E+00	4.719E-01	5.740E-01	3.333E+02	3.333E+02	NaN	0.000E+00	2.906E-01
2001-08-14	4.245E-02	1.700E+00	7.609E-01	0.000E+00	1.708E+01	2.638E+00	1.743E+00	4.644E-01	5.740E-01	3.322E+02	3.322E+02	NaN	0.000E+00	7.609E-01
2001-08-15	1.316E-02	1.963E+00	5.491E-02	0.000E+00	2.057E+01	3.227E+00	2.049E+00	4.549E-01	5.740E-01	3.302E+02	3.302E+02	NaN	0.000E+00	5.491E-02
2001-08-16	1.211E-02	2.013E+00	0.000E+00	0.000E+00	2.232E+01	3.521E+00	2.126E+00	4.442E-01	5.530E-01	3.282E+02	3.282E+02	NaN	0.000E+00	0.000E+00
2001-08-17	1.202E-02	1.641E+00	0.000E+00	0.000E+00	1.948E+01	2.992E+00	1.710E+00	4.340E-01	5.350E-01	3.265E+02	3.265E+02	NaN	0.000E+00	0.000E+00
2001-08-18	1.193E-02	1.310E+00	0.000E+00	0.000E+00	1.654E+01	2.514E+00	1.372E+00	4.248E-01	5.320E-01	3.252E+02	3.252E+02	NaN	0.000E+00	0.000E+00
2001-08-19	8.232E-02	1.268E+00	1.397E+00	0.000E+00	1.596E+01	2.415E+00	1.322E+00	4.216E-01	5.310E-01	3.254E+02	3.254E+02	NaN	0.000E+00	1.397E+00
2001-08-20	1.175E-02	1.395E+00	6.842E-03	0.000E+00	1.827E+01	2.797E+00	1.477E+00	4.150E-01	5.130E-01	3.239E+02	3.239E+02	NaN	0.000E+00	6.842E-03
2001-08-21	1.167E-02	1.368E+00	0.000E+00	0.000E+00	1.883E+01	2.865E+00	1.450E+00	4.066E-01	5.120E-01	3.226E+02	3.226E+02	NaN	0.000E+00	0.000E+00
2001-08-22	1.158E-02	1.168E+00	0.000E+00	0.000E+00	1.702E+01	2.560E+00	1.241E+00	3.984E-01	5.120E-01	3.214E+02	3.214E+02	NaN	0.000E+00	0.000E+00
2001-08-23	3.625E-02	1.190E+00	9.252E-01	0.000E+00	1.776E+01	2.656E+00	1.278E+00	3.926E-01	5.120E-01	3.207E+02	3.207E+02	NaN	0.000E+00	9.252E-01
2001-08-24	7.401E-02	1.054E+00	1.402E+00	0.000E+00	1.575E+01	2.335E+00	1.131E+00	3.904E-01	5.120E-01	3.209E+02	3.209E+02	NaN	0.000E+00	1.402E+00
2001-08-25	1.132E-02	1.074E+00	0.000E+00	0.000E+00	1.672E+01	2.480E+00	1.160E+00	3.846E-01	5.040E-01	3.198E+02	3.198E+02	NaN	0.000E+00	0.000E+00
2001-08-26	2.488E-01	1.432E+00	4.588E+00	0.000E+00	1.910E+01	2.847E+00	1.491E+00	3.931E-01	5.060E-01	3.232E+02	3.232E+02	NaN	0.000E+00	4.588E+00
2001-08-27	4.512E-01	1.438E+00	1.051E+01	0.000E+00	1.519E+01	2.209E+00	1.475E+00	4.210E-01	5.090E-01	3.306E+02	3.306E+02	NaN	0.000E+00	1.051E+01
2001-08-28	2.168E-01	1.111E+00	5.441E+00	0.000E+00	1.109E+01	1.558E+00	1.094E+00	4.398E-01	5.090E-01	3.337E+02	3.337E+02	NaN	0.000E+00	5.441E+00
2001-08-29	1.099E-02	1.380E+00	0.000E+00	0.000E+00	1.403E+01	2.022E+00	1.412E+00	4.381E-01	5.090E-01	3.323E+02	3.323E+02	NaN	0.000E+00	0.000E+00
2001-08-30	1.091E-02	1.399E+00	0.000E+00	0.000E+00	1.477E+01	2.126E+00	1.459E+00	4.297E-01	5.080E-01	3.309E+02	3.309E+02	NaN	0.000E+00	0.000E+00
2001-08-31	1.082E-02	1.229E+00	4.061E-03	0.000E+00	1.359E+01	1.957E+00	1.299E+00	4.210E-01	5.060E-01	3.296E+02	3.296E+02	NaN	0.000E+00	4.061E-03
2001-09-01	1.907E-01	1.404E+00	4.385E+00	0.000E+00	1.447E+01	2.058E+00	1.433E+00	4.256E-01	5.050E-01	3.319E+02	3.319E+02	NaN	0.000E+00	4.385E+00
2001-09-02	1.216E-01	1.471E+00	2.515E+00	0.000E+00	1.483E+01	2.084E+00	1.459E+00	4.293E-01	5.050E-01	3.326E+02	3.326E+02	NaN	0.000E+00	2.515E+00
2001-09-03	5.959E-02	1.464E+00	1.410E+00	0.000E+00	1.497E+01	2.108E+00	1.474E+00	4.277E-01	5.050E-01	3.321E+02	3.321E+02	NaN	0.000E+00	1.410E+00
2001-09-04	3.861E-01	1.332E+00	8.453E+00	0.000E+00	1.284E+01	1.789E+00	1.315E+00	4.475E-01	5.110E-01	3.384E+02	3.384E+02	NaN	0.000E+00	8.453E+00
2001-09-05	1.043E-02	1.510E+00	0.000E+00	0.000E+00	1.454E+01	2.035E+00	1.493E+00	4.477E-01	5.210E-01	3.369E+02	3.369E+02	NaN	0.000E+00	0.000E+00
2001-09-06	1.482E-02	1.384E+00	1.917E-01	0.000E+00	1.364E+01	1.889E+00	1.371E+00	4.403E-01	5.170E-01	3.356E+02	3.356E+02	NaN	0.000E+00	1.917E-01
2001-09-07	1.090E-01	1.221E+00	2.353E+00	0.000E+00	1.202E+01	1.638E+00	1.198E+00	4.392E-01	5.160E-01	3.363E+02	3.363E+02	NaN	0.000E+00	2.353E+00
2001-09-08	7.936E-01	1.137E+00	1.584E+01	0.000E+00	1.015E+01	1.351E+00	1.086E+00	4.898E-01	5.130E-01	3.511E+02	3.511E+02	NaN	0.000E+00	1.584E+01
2001-09-09	3.664E-01	1.465E+00	7.443E+00	0.000E+00	1.235E+01	1.671E+00	1.400E+00	5.297E-01	5.360E-01	3.568E+02	3.568E+02	NaN	0.000E+00	7.443E+00
2001-09-10	4.071E-01	1.319E+00	7.631E+00	0.000E+00	1.071E+01	1.419E+00	1.236E+00	5.622E-01	5.670E-01	3.635E+02	3.635E+02	NaN	0.000E+00	7.631E+00
2001-09-11	1.924E-01	1.432E+00	3.932E+00	0.000E+00	1.143E+01	1.515E+00	1.341E+00	5.763E-01	5.850E-01	3.658E+02	3.658E+02	NaN	0.000E+00	3.932E+00
2001-09-12	7.357E-02	1.550E+00	1.223E+00	0.000E+00	1.238E+01	1.656E+00	1.463E+00	5.748E-01	5.980E-01	3.655E+02	3.655E+02	NaN	0.000E+00	1.223E+00
2001-09-13	7.851E-02	1.554E+00	1.121E+00	0.000E+00	1.248E+01	1.679E+00	1.480E+00	5.694E-01	6.100E-01	3.653E+02	3.653E+02	NaN	0.000E+00	1.121E+00
2001-09-14	5.339E-02	1.482E+00	8.293E-01	0.000E+00	1.202E+01	1.589E+00	1.397E+00	5.622E-01	6.110E-01	3.647E+02	3.647E+02	NaN	0.000E+00	8.293E-01
2001-09-15	3.003E-02	1.376E+00	5.083E-01	0.000E+00	1.129E+01	1.489E+00	1.305E+00	5.538E-01	6.150E-01	3.637E+02	3.637E+02	NaN	0.000E+00	5.083E-01
2001-09-16	4.821E-01	1.596E+00	9.649E+00	0.000E+00	1.243E+01	1.637E+00	1.497E+00	5.815E-01	6.230E-01	3.717E+02	3.717E+02	NaN	0.000E+00	9.649E+00
2001-09-17	9.824E-03	1.914E+00	6.540E-02	0.000E+00	1.488E+01	1.979E+00	1.805E+00	5.859E-01	6.550E-01	3.698E+02	3.698E+02	NaN	0.000E+00	6.540E-02
2001-09-18	1.156E-01	1.941E+00	2.631E+00	0.000E+00	1.520E+01	2.019E+00	1.838E+00	5.846E-01	6.660E-01	3.700E+02	3.700E+02	NaN	0.000E+00	2.631E+00
2001-09-19	1.438E-01	1.650E+00	3.005E+00	0.000E+00	1.304E+01	1.694E+00	1.550E+00	5.876E-01	6.750E-01	3.710E+02	3.710E+02	NaN	0.000E+00	3.005E+00
2001-09-20	3.149E-01	1.339E+00	6.521E+00	0.000E+00	1.053E+01	1.351E+00	1.265E+00	6.065E-01	6.920E-01	3.758E+02	3.758E+02	NaN	0.000E+00	6.521E+00
2001-09-21	1.894E-01	1.606E+00	3.625E+00	0.000E+00	1.244E+01	1.596E+00	1.511E+00	6.235E-01	7.120E-01	3.774E+02	3.774E+02	NaN	0.000E+00	3.625E+00
2001-09-22	4.970E-01	1.683E+00	7.620E+00	0.000E+00	1.279E+01	1.636E+00	1.592E+00	6.607E-01	7.410E-01	3.821E+02	3.821E+02	NaN	0.000E+00	7.620E+00
2001-09-23	2.569E-01	1.647E+00	2.818E+00	0.000E+00	1.256E+01	1.594E+00	1.558E+00	6.868E-01	7.700E-01	3.824E+02	3.824E+02	NaN	0.000E+00	2.818E+00
2001-09-24	7.978E-02	1.026E+00	7.150E-03	0.000E+00	8.130E+00	9.777E-01	9.534E-01	6.907E-01	7.700E-01	3.813E+02	3.813E+02	NaN	0.000E+00	7.150E-03
2001-09-25	3.657E-02	6.449E-01	0.000E+00	0.000E+00	5.390E+00	6.129E-01	5.967E-01	6.846E-01	7.870E-01	3.807E+02	3.807E+02	NaN	0.000E+00	0.000E+00
2001-09-26	3.431E-02	6.933E-01	1.833E-02	0.000E+00	5.790E+00	6.509E-01	6.318E-01	6.764E-01	7.940E-01	3.799E+02	3.799E+02	NaN	0.000E+00	1.833E-02
2001-09-27	3.040E-02	8.509E-01	0.000E+00	0.000E+00	7.030E+00	8.160E-01	7.864E-01	6.667E-01	7.940E-01	3.791E+02	3.791E+02	NaN	0.000E+00	0.000E+00
2001-09-28	4.053E-02	1.072E+00	2.998E-01	0.000E+00	8.760E+00	1.064E+00	1.021E+00	6.575E-01	7.950E-01	3.782E+02	3.782E+02	NaN	0.000E+00	2.998E-01
2001-09-29	2.323E-02	3.918E-01	0.000E+00	0.000E+00	3.680E+00	3.844E-01	3.643E-01	6.482E-01	7.980E-01	3.778E+02	3.778E+02	NaN	0.000E+00	0.000E+00
2001-09-30	2.148E-02	5.209E-01	0.000E+00	0.000E+00	4.710E+00	5.091E-01	4.803E-01	6.394E-01	7.990E-01	3.773E+02	3.773E+02	NaN	0.000E+00	0.000E+00
2001-10-01	5.015E-01	1.398E+00	9.223E+00	0.000E+00	1.108E+01	1.356E+00	1.338E+00	6.714E-01	7.990E-01	3.834E+02	3.834E+02	NaN	0.000E+00	9.223E+00
2001-10-02	4.356E-02	1.606E+00	0.000E+00	0.000E+00	1.270E+01	1.563E+00	1.539E+00	6.840E-01	8.080E-01	3.817E+02	3.817E+02	NaN	0.000E+00	0.000E+00
2001-10-03	3.221E-02	1.569E+00	9.086E-02	0.000E+00	1.251E+01	1.536E+00	1.509E+00	6.783E-01	8.230E-01	3.801E+02	3.801E+02	NaN	0.000E+00	9.086E-02
2001-10-04	4.141E-02	1.455E+00	3.474E-01	0.000E+00	1.184E+01	1.433E+00	1.393E+00	6.692E-01	8.190E-01	3.790E+02	3.790E+02	NaN	0.000E+00	3.474E-01
2001-10-05	2.063E-02	1.227E+00	0.000E+00	0.000E+00	1.029E+01	1.230E+00	1.178E+00	6.588E-01	8.180E-01	3.777E+02	3.777E+02	NaN	0.000E+00	0.000E+00
2001-10-06	1.577E-02	1.044E+00	4.393E-02	0.000E+00	9.030E+00	1.067E+00	1.008E+00	6.482E-01	8.180E-01	3.767E+02	3.767E+02	NaN	0.000E+00	4.393E-02
2001-10-07	3.591E-01	1.473E+00	6.703E+00	0.000E+00	1.199E+01	1.448E+00	1.421E+00	6.670E-01	8.370E-01	3.817E+02	3.817E+02	NaN	0.000E+00	6.703E+00
2001-10-08	4.695E-01	1.505E+00	6.634E+00	0.000E+00	1.206E+01	1.454E+00	1.449E+00	7.050E-01	8.260E-01	3.859E+02	3.859E+02	NaN	0.000E+00	6.634E+00
2001-10-09	1.262E-01	1.424E+00	5.919E-01	0.000E+00	1.152E+01	1.370E+00	1.364E+00	7.170E-01	8.490E-01	3.847E+02	3.847E+02	NaN	0.000E+00	5.919E-01
2001-10-10	3.525E-01	1.427E+00	4.381E+00	0.000E+00	1.151E+01	1.355E+00	1.354E+00	7.344E-01	8.670E-01	3.869E+02	3.869E+02	NaN	0.000E+00	4.381E+00
2001-10-11	1.008E-01	1.108E+00	1.451E-01	0.000E+00	9.140E+00	1.038E+00	1.037E+00	7.370E-01	7.780E-01	3.858E+02	3.858E+02	NaN	0.000E+00	1.451E-01
2001-10-12	4.277E-02	1.602E+00	9.709E-03	0.000E+00	1.299E+01	1.545E+00	1.542E+00	7.275E-01	6.830E-01	3.841E+02	3.841E+02	NaN	0.000E+00	9.709E-03
2001-10-13	3.413E-02	1.657E+00	0.000E+00	0.000E+00	1.363E+01	1.606E+00	1.590E+00	7.143E-01	6.510E-01	3.824E+02	3.824E+02	NaN	0.000E+00	0.000E+00
2001-10-14	2.852E-02	1.269E+00	0.000E+00	0.000E+00	1.082E+01	1.255E+00	1.223E+00	7.002E-01	7.020E-01	3.811E+02	3.811E+02	NaN	0.000E+00	0.000E+00
2001-10-15	5.928E-02	1.168E+00	8.205E-01	0.000E+00	1.008E+01	1.161E+00	1.130E+00	6.901E-01	6.850E-01	3.806E+02	3.806E+02	NaN	0.000E+00	8.205E-01
2001-10-16	4.504E-02	1.349E+00	6.296E-01	0.000E+00	1.165E+01	1.356E+00	1.316E+00	6.807E-01	6.810E-01	3.798E+02	3.798E+02	NaN	0.000E+00	6.296E-01
2001-10-17	1.708E-02	1.180E+00	6.191E-02	0.000E+00	1.049E+01	1.193E+00	1.141E+00	6.692E-01	6.850E-01	3.786E+02	3.786E+02	NaN	0.000E+00	6.191E-02
2001-10-18	1.648E-02	9.278E-01	1.485E-02	0.000E+00	8.550E+00	9.605E-01	9.060E-01	6.574E-01	6.670E-01	3.777E+02	3.777E+02	NaN	0.000E+00	1.485E-02
2001-10-19	1.547E-02	8.045E-01	0.000E+00	0.000E+00	7.620E+00	8.505E-01	7.929E-01	6.462E-01	6.800E-01	3.769E+02	3.769E+02	NaN	0.000E+00	0.000E+00
2001-10-20	1.481E-02	8.221E-01	0.000E+00	0.000E+00	7.880E+00	8.776E-01	8.097E-01	6.353E-01	6.850E-01	3.760E+02	3.760E+02	NaN	0.000E+00	0.000E+00
2001-10-21	2.595E-02	8.573E-01	2.646E-01	0.000E+00	8.270E+00	8.951E-01	8.208E-01	6.257E-01	6.850E-01	3.754E+02	3.754E+02	NaN	0.000E+00	2.646E-01
2001-10-22	1.347E-02	5.694E-01	2.579E-02	0.000E+00	5.800E+00	5.862E-01	5.321E-01	6.160E-01	6.850E-01	3.748E+02	3.748E+02	NaN	0.000E+00	2.579E-02
2001-10-23	1.296E-02	8.334E-03	4.410E-03	5.076E-03	7.500E-01	3.387E-04	3.055E-04	6.070E-01	6.830E-01	3.748E+02	3.748E+02	NaN	0.000E+00	9.487E-03
2001-10-24	1.277E-02	2.248E-01	0.000E+00	0.000E+00	2.730E+00	2.165E-01	1.950E-01	5.985E-01	7.000E-01	3.745E+02	3.745E+02	NaN	0.000E+00	0.000E+00
2001-10-25	1.246E-02	4.143E-01	0.000E+00	0.000E+00	4.490E+00	4.295E-01	3.860E-01	5.897E-01	6.600E-01	3.741E+02	3.741E+02	NaN	0.000E+00	0.000E+00
2001-10-26	1.203E-02	9.638E-01	1.303E-02	0.000E+00	9.640E+00	1.052E+00	9.409E-01	5.803E-01	6.790E-01	3.731E+02	3.731E+02	NaN	0.000E+00	1.303E-02
2001-10-27	4.460E-02	1.077E+00	7.849E-01	0.000E+00	1.074E+01	1.182E+00	1.058E+00	5.731E-01	6.940E-01	3.727E+02	3.727E+02	NaN	0.000E+00	7.849E-01
2001-10-28	1.367E-01	9.262E-01	3.225E+00	0.000E+00	9.060E+00	9.766E-01	9.115E-01	5.747E-01	6.910E-01	3.743E+02	3.743E+02	NaN	0.000E+00	3.225E+00
2001-10-29	2.990E-01	8.154E-01	6.409E+00	0.000E+00	7.550E+00	7.910E-01	7.751E-01	5.919E-01	6.930E-01	3.793E+02	3.793E+02	NaN	0.000E+00	6.409E+00
2001-10-30	1.340E-01	1.026E+00	2.623E+00	0.000E+00	9.300E+00	1.003E+00	9.901E-01	6.005E-01	7.190E-01	3.807E+02	3.807E+02	NaN	0.000E+00	2.623E+00
2001-10-31	4.513E-01	1.090E+00	7.592E+00	0.000E+00	9.620E+00	1.019E+00	1.018E+00	6.287E-01	7.440E-01	3.869E+02	3.869E+02	NaN	0.000E+00	7.592E+00
2001-11-01	3.877E-02	5.511E-01	0.000E+00	0.000E+00	5.220E+00	5.004E-01	5.002E-01	6.346E-01	8.000E-01	3.863E+02	3.863E+02	NaN	0.000E+00	0.000E+00
2001-11-02	3.405E-02	4.801E-01	3.952E-03	0.000E+00	4.650E+00	4.548E-01	4.546E-01	6.277E-01	8.060E-01	3.858E+02	3.858E+02	NaN	0.000E+00	3.952E-03
2001-11-03	3.172E-02	1.117E+00	0.000E+00	0.000E+00	9.960E+00	1.057E+00	1.056E+00	6.172E-01	8.310E-01	3.846E+02	3.846E+02	NaN	0.000E+00	0.000E+00
2001-11-04	4.211E-01	9.107E-01	6.486E+00	0.000E+00	8.170E+00	8.356E-01	8.355E-01	6.386E-01	8.380E-01	3.892E+02	3.892E+02	NaN	0.000E+00	6.486E+00
2001-11-05	9.308E-02	1.555E-01	0.000E+00	0.000E+00	1.960E+00	1.167E-01	1.167E-01	6.482E-01	8.680E-01	3.890E+02	3.890E+02	NaN	0.000E+00	0.000E+00
2001-11-06	3.930E-01	1.347E-01	3.761E+00	2.148E+00	1.780E+00	9.567E-02	9.567E-02	6.746E-01	9.070E-01	3.924E+02	3.921E+02	NaN	1.798E+00	5.909E+00
2001-11-07	2.543E-01	1.397E-02	6.964E-01	7.931E-01	7.900E-01	7.361E-04	7.361E-04	6.990E-01	9.540E-01	3.930E+02	3.927E+02	NaN	2.065E+00	1.490E+00
2001-11-08	2.359E-01	0.000E+00	6.624E-01	1.768E+00	-3.400E-01	0.000E+00	0.000E+00	7.175E-01	9.990E-01	3.935E+02	3.933E+02	NaN	3.611E+00	2.431E+00
2001-11-09	1.608E-01	0.000E+00	7.263E-07	1.204E-03	-2.090E+00	0.000E+00	0.000E+00	7.288E-01	1.037E+00	3.934E+02	3.933E+02	NaN	3.611E+00	1.204E-03
2001-11-10	3.645E-01	1.466E-01	3.195E-03	1.415E-03	1.890E+00	1.018E-01	1.018E-01	7.489E-01	1.090E+00	3.953E+02	3.950E+02	NaN	1.131E+00	4.610E-03
2001-11-11	2.744E-01	8.143E-01	9.113E-02	0.000E+00	7.440E+00	7.405E-01	7.405E-01	7.792E-01	1.140E+00	3.956E+02	3.955E+02	NaN	0.000E+00	9.113E-02
2001-11-12	1.433E-01	7.744E-02	0.000E+00	0.000E+00	1.320E+00	3.410E-02	3.410E-02	8.075E-01	1.160E+00	3.954E+02	3.954E+02	NaN	0.000E+00	0.000E+00
2001-11-13	1.227E-01	0.000E+00	0.000E+00	0.000E+00	-4.900E-01	0.000E+00	0.000E+00	8.236E-01	1.184E+00	3.953E+02	3.953E+02	NaN	0.000E+00	0.000E+00
2001-11-14	1.079E-01	0.000E+00	0.000E+00	0.000E+00	-2.800E+00	0.000E+00	0.000E+00	8.334E-01	1.211E+00	3.952E+02	3.952E+02	NaN	0.000E+00	0.000E+00
2001-11-15	1.091E-01	6.447E-01	1.411E-01	0.000E+00	6.080E+00	5.769E-01	5.769E-01	8.406E-01	1.271E+00	3.946E+02	3.946E+02	NaN	0.000E+00	1.411E-01
2001-11-16	7.035E-02	1.053E-01	0.000E+00	0.000E+00	1.560E+00	6.926E-02	6.926E-02	8.433E-01	1.313E+00	3.944E+02	3.944E+02	NaN	0.000E+00	0.000E+00
2001-11-17	5.670E-02	3.843E-01	0.000E+00	0.000E+00	3.910E+00	3.380E-01	3.380E-01	8.431E-01	1.317E+00	3.940E+02	3.940E+02	NaN	0.000E+00	0.000E+00
2001-11-18	5.293E-02	1.868E-01	0.000E+00	0.000E+00	2.250E+00	1.494E-01	1.494E-01	8.418E-01	1.326E+00	3.937E+02	3.937E+02	NaN	0.000E+00	0.000E+00
2001-11-19	5.116E-02	2.898E-02	1.710E-03	2.167E-03	9.200E-01	1.244E-03	1.244E-03	8.402E-01	1.356E+00	3.937E+02	3.937E+02	NaN	0.000E+00	3.877E-03
2001-11-20	4.988E-02	2.239E-01	0.000E+00	0.000E+00	2.570E+00	1.803E-01	1.803E-01	8.387E-01	1.366E+00	3.934E+02	3.934E+02	NaN	0.000E+00	0.000E+00
2001-11-21	6.424E-02	6.212E-01	4.570E-01	0.000E+00	5.940E+00	5.739E-01	5.739E-01	8.383E-01	1.402E+00	3.930E+02	3.930E+02	NaN	0.000E+00	4.570E-01
2001-11-22	4.743E-02	1.773E-01	1.718E-02	7.409E-03	2.180E+00	1.317E-01	1.317E-01	8.369E-01	1.436E+00	3.929E+02	3.929E+02	NaN	1.498E-02	2.459E-02
2001-11-23	4.452E-02	7.233E-02	1.137E-02	9.803E-03	1.290E+00	2.665E-02	2.665E-02	8.347E-01	1.439E+00	3.928E+02	3.928E+02	NaN	0.000E+00	2.117E-02
2001-11-24	4.265E-02	0.000E+00	0.000E+00	0.000E+00	-2.770E+00	0.000E+00	0.000E+00	8.322E-01	1.469E+00	3.927E+02	3.927E+02	NaN	0.000E+00	0.000E+00
2001-11-25	4.282E-02	0.000E+00	4.833E-02	1.046E-01	-2.000E-01	0.000E+00	0.000E+00	8.298E-01	1.476E+00	3.927E+02	3.927E+02	NaN	4.167E-02	1.530E-01
2001-11-26	5.112E-01	6.151E-02	5.441E+00	4.822E+00	1.200E+00	2.055E-02	2.055E-02	8.748E-01	1.505E+00	3.978E+02	3.977E+02	NaN	3.950E+00	1.026E+01
2001-11-27	2.900E-01	1.110E-02	4.482E-01	5.251E-01	7.700E-01	3.677E-04	3.677E-04	9.204E-01	1.549E+00	3.981E+02	3.980E+02	NaN	4.050E+00	9.733E-01
2001-11-28	4.137E-01	2.613E-03	1.176E+00	1.508E+00	6.900E-01	2.334E-05	2.334E-05	9.632E-01	1.597E+00	3.992E+02	3.990E+02	NaN	5.369E+00	2.683E+00
2001-11-29	5.729E-01	8.354E-02	2.881E-01	2.341E-01	1.390E+00	3.453E-02	3.453E-02	1.015E+00	1.625E+00	4.006E+02	4.001E+02	NaN	3.900E+00	5.222E-01
2001-11-30	5.511E-01	4.844E-02	1.233E-02	1.270E-02	1.090E+00	6.353E-03	6.353E-03	1.057E+00	1.661E+00	4.009E+02	4.005E+02	NaN	2.916E+00	2.503E-02
2001-12-01	5.986E-01	2.274E-02	6.292E-01	7.434E-01	8.700E-01	6.393E-04	6.393E-04	1.095E+00	1.672E+00	4.013E+02	4.009E+02	NaN	3.119E+00	1.373E+00
2001-12-02	1.213E+00	1.592E-01	1.291E+00	6.495E-01	2.040E+00	1.103E-01	1.103E-01	1.176E+00	1.707E+00	4.034E+02	4.028E+02	NaN	1.632E+00	1.940E+00
2001-12-03	1.252E+00	1.183E-01	3.822E-01	2.539E-01	1.690E+00	6.780E-02	6.780E-02	1.272E+00	1.752E+00	4.039E+02	4.029E+02	NaN	2.687E-01	6.361E-01
2001-12-04	9.458E-01	1.688E-02	0.000E+00	0.000E+00	8.200E-01	2.508E-04	2.508E-04	1.341E+00	1.790E+00	4.032E+02	4.028E+02	NaN	5.587E-02	0.000E+00
2001-12-05	9.853E-01	0.000E+00	9.483E-01	1.792E+00	1.900E-01	0.000E+00	0.000E+00	1.403E+00	1.827E+00	4.032E+02	4.029E+02	NaN	1.521E+00	2.741E+00
2001-12-06	1.253E+00	2.172E-01	7.245E-01	2.681E-01	2.540E+00	1.548E-01	1.548E-01	1.499E+00	1.843E+00	4.040E+02	4.030E+02	NaN	1.581E-01	9.926E-01
2001-12-07	9.048E-01	1.392E-01	7.438E-02	4.331E-02	1.870E+00	8.967E-02	8.967E-02	1.597E+00	1.877E+00	4.031E+02	4.029E+02	NaN	1.744E-03	1.177E-01
2001-12-08	8.132E-01	9.608E-02	5.971E-01	4.379E-01	1.500E+00	5.161E-02	5.161E-02	1.688E+00	1.912E+00	4.027E+02	4.026E+02	NaN	3.113E-01	1.035E+00
2001-12-09	7.917E-01	4.549E-01	6.314E-01	0.000E+00	4.580E+00	3.952E-01	3.952E-01	1.786E+00	1.923E+00	4.022E+02	4.022E+02	NaN	0.000E+00	6.314E-01
2001-12-10	5.495E-01	4.049E-01	0.000E+00	0.000E+00	4.150E+00	3.481E-01	3.481E-01	1.864E+00	1.967E+00	4.013E+02	4.013E+02	NaN	0.000E+00	0.000E+00
2001-12-11	3.928E-01	3.281E-01	6.515E-03	7.623E-04	3.490E+00	2.540E-01	2.540E-01	1.904E+00	2.009E+00	4.006E+02	4.006E+02	NaN	0.000E+00	7.277E-03
2001-12-12	3.476E-01	1.463E-01	3.500E-01	2.010E-01	1.930E+00	9.019E-02	9.019E-02	1.930E+00	2.014E+00	4.004E+02	4.004E+02	NaN	1.456E-01	5.509E-01
2001-12-13	2.834E-01	0.000E+00	5.896E-04	8.332E-04	4.300E-01	0.000E+00	0.000E+00	1.946E+00	2.045E+00	4.001E+02	4.001E+02	NaN	1.456E-01	1.423E-03
2001-12-14	2.809E-01	2.274E-02	0.000E+00	0.000E+00	8.700E-01	1.236E-03	1.236E-03	1.955E+00	2.059E+00	4.000E+02	4.000E+02	NaN	0.000E+00	0.000E+00
2001-12-15	2.545E-01	0.000E+00	0.000E+00	0.000E+00	-2.890E+00	0.000E+00	0.000E+00	1.960E+00	2.056E+00	3.997E+02	3.997E+02	NaN	0.000E+00	0.000E+00
2001-12-16	2.382E-01	0.000E+00	0.000E+00	0.000E+00	-1.000E+00	0.000E+00	0.000E+00	1.961E+00	2.099E+00	3.995E+02	3.995E+02	NaN	0.000E+00	0.000E+00
2001-12-17	2.242E-01	0.000E+00	6.762E-03	1.520E-02	-1.000E-01	0.000E+00	0.000E+00	1.961E+00	2.099E+00	3.993E+02	3.993E+02	NaN	2.046E-02	2.196E-02
2001-12-18	2.113E-01	0.000E+00	0.000E+00	0.000E+00	4.100E-01	0.000E+00	0.000E+00	1.959E+00	2.099E+00	3.991E+02	3.991E+02	NaN	2.046E-02	0.000E+00
2001-12-19	2.656E-01	0.000E+00	5.295E-01	8.601E-01	2.400E-01	0.000E+00	0.000E+00	1.962E+00	2.096E+00	3.994E+02	3.994E+02	NaN	8.166E-01	1.390E+00
2001-12-20	2.220E-01	0.000E+00	0.000E+00	2.378E+00	-6.630E+00	0.000E+00	0.000E+00	1.966E+00	2.092E+00	3.992E+02	3.992E+02	NaN	2.945E+00	2.378E+00
2001-12-21	2.079E-01	0.000E+00	0.000E+00	2.311E+00	-2.990E+00	0.000E+00	0.000E+00	1.966E+00	2.092E+00	3.990E+02	3.990E+02	NaN	5.187E+00	2.311E+00
2001-12-22	1.965E-01	0.000E+00	0.000E+00	1.119E-01	-1.253E+01	0.000E+00	0.000E+00	1.959E+00	2.092E+00	3.988E+02	3.988E+02	NaN	5.268E+00	1.119E-01
2001-12-23	1.873E-01	0.000E+00	0.000E+00	1.610E-01	-1.693E+01	0.000E+00	0.000E+00	1.944E+00	2.089E+00	3.986E+02	3.986E+02	NaN	5.399E+00	1.610E-01
2001-12-24	1.787E-01	0.000E+00	0.000E+00	2.837E+00	-6.290E+00	0.000E+00	0.000E+00	1.930E+00	2.053E+00	3.984E+02	3.984E+02	NaN	7.998E+00	2.837E+00
2001-12-25	2.387E-01	0.000E+00	7.344E-02	1.264E+01	-2.000E+00	0.000E+00	0.000E+00	1.938E+00	2.053E+00	3.988E+02	3.988E+02	NaN	1.935E+01	1.272E+01
2001-12-26	1.947E-01	0.000E+00	0.000E+00	8.934E-01	-6.910E+00	0.000E+00	0.000E+00	1.936E+00	2.049E+00	3.986E+02	3.986E+02	NaN	2.005E+01	8.934E-01
2001-12-27	1.825E-01	0.000E+00	0.000E+00	5.166E+00	-1.181E+01	0.000E+00	0.000E+00	1.919E+00	2.045E+00	3.984E+02	3.984E+02	NaN	2.507E+01	5.166E+00
2001-12-28	1.725E-01	0.000E+00	0.000E+00	1.804E+00	-4.750E+00	0.000E+00	0.000E+00	1.900E+00	2.023E+00	3.983E+02	3.983E+02	NaN	2.703E+01	1.804E+00
2001-12-29	1.646E-01	0.000E+00	0.000E+00	2.097E+00	-3.890E+00	0.000E+00	0.000E+00	1.875E+00	1.998E+00	3.981E+02	3.981E+02	NaN	2.890E+01	2.097E+00
2001-12-30	1.571E-01	0.000E+00	0.000E+00	3.194E-01	-1.054E+01	0.000E+00	0.000E+00	1.844E+00	1.998E+00	3.980E+02	3.980E+02	NaN	2.916E+01	3.194E-01
2001-12-31	1.499E-01	0.000E+00	0.000E+00	1.992E-01	-1.529E+01	0.000E+00	0.000E+00	1.809E+00	1.998E+00	3.978E+02	3.978E+02	NaN	2.926E+01	1.992E-01
