!! model=5.18.0; variable=cout; timestep=day; unit=m3/s; comment=Timeseries of comp outflow subbasi in m3/s;
DATE	3344	3396	3407	3466	3558	3555	3607	63804	63931	3564	3581	3547	3594	40556	40541	3486	3361	3427	3435	3432	63794	63938	63937	3532	3587
2001-01-01	0.000E+00	1.116E-09	1.113E-09	1.009E-09	9.440E-10	9.241E-10	0.000E+00	0.000E+00	1.606E-09	1.601E-09	4.465E-04	2.605E-09	2.571E-09	8.825E-09	9.333E-09	2.647E-03	1.989E-09	1.927E-09	2.657E-09	2.434E-09	2.578E-03	0.000E+00	2.570E-03	0.000E+00	0.000E+00
2001-01-02	8.743E-03	3.471E-05	9.248E-05	1.941E-02	9.367E-06	1.108E-03	7.781E-03	3.839E-03	7.228E-05	1.553E-04	2.811E-02	1.545E-04	7.405E-03	2.173E-04	1.962E-04	9.912E-03	3.347E-05	2.782E-03	5.673E-05	8.583E-03	2.543E-02	1.491E-02	4.027E-02	2.608E-04	1.883E-03
2001-01-03	3.341E-02	5.685E-05	5.261E-04	8.230E-02	1.555E-05	3.878E-03	2.553E-02	1.446E-02	1.254E-04	6.907E-04	9.817E-02	4.628E-04	2.517E-02	6.237E-04	3.515E-04	4.062E-02	5.451E-05	8.850E-03	9.989E-05	3.535E-02	1.101E-01	6.233E-02	1.723E-01	7.194E-04	9.520E-03
2001-01-04	7.031E-03	7.118E-05	2.260E-04	2.563E-02	1.877E-05	4.429E-04	3.369E-03	1.750E-03	1.621E-04	3.477E-04	3.320E-02	9.348E-04	3.345E-03	1.195E-03	4.611E-04	1.560E-02	6.649E-05	6.749E-04	1.283E-04	9.558E-03	3.596E-02	1.731E-02	5.368E-02	1.383E-03	3.844E-03
2001-01-05	5.842E-02	9.178E-05	1.395E-03	1.424E-01	2.173E-05	5.093E-03	2.624E-02	2.115E-02	2.050E-04	1.319E-03	1.145E-01	1.524E-03	3.034E-02	2.021E-03	5.973E-04	7.282E-02	8.132E-05	1.078E-02	1.620E-04	5.853E-02	1.910E-01	8.933E-02	2.800E-01	2.402E-03	1.781E-02
2001-01-06	2.274E-01	1.969E-04	3.944E-03	5.554E-01	3.752E-05	2.430E-02	1.610E-01	8.970E-02	4.602E-04	3.529E-03	5.914E-01	5.666E-03	1.713E-01	7.999E-03	1.333E-03	2.409E-01	1.563E-04	6.336E-02	3.556E-04	2.405E-01	7.148E-01	4.021E-01	1.116E+00	8.588E-03	5.836E-02
2001-01-07	3.018E-01	4.454E-04	4.178E-03	7.287E-01	6.340E-05	3.204E-02	2.471E-01	1.223E-01	1.157E-03	3.937E-03	9.150E-01	2.637E-02	2.528E-01	3.470E-02	3.156E-03	2.640E-01	3.058E-04	8.744E-02	8.439E-04	3.074E-01	8.384E-01	5.149E-01	1.354E+00	3.104E-02	8.424E-02
2001-01-08	3.564E-01	7.724E-04	3.501E-03	8.506E-01	8.397E-05	4.225E-02	3.451E-01	1.559E-01	2.211E-03	4.706E-03	1.259E+00	7.648E-02	3.702E-01	9.015E-02	5.689E-03	2.706E-01	4.738E-04	1.150E-01	1.519E-03	3.652E-01	9.450E-01	6.439E-01	1.590E+00	6.900E-02	1.104E-01
2001-01-09	3.275E-01	1.207E-03	3.368E-03	7.885E-01	1.117E-04	3.775E-02	2.835E-01	1.406E-01	3.720E-03	5.596E-03	1.196E+00	1.603E-01	3.779E-01	1.774E-01	9.731E-03	2.107E-01	7.131E-04	9.835E-02	2.492E-03	3.362E-01	7.963E-01	5.481E-01	1.347E+00	1.200E-01	1.510E-01
2001-01-10	2.463E-01	1.637E-03	3.282E-03	6.033E-01	1.378E-04	2.805E-02	2.144E-01	1.044E-01	5.188E-03	6.605E-03	9.333E-01	2.463E-01	4.108E-01	2.704E-01	1.510E-02	1.677E-01	9.551E-04	7.392E-02	3.477E-03	2.564E-01	6.134E-01	4.162E-01	1.032E+00	1.679E-01	1.911E-01
2001-01-11	1.916E-01	2.000E-03	3.287E-03	4.690E-01	1.588E-04	2.199E-02	1.676E-01	8.156E-02	6.453E-03	7.568E-03	7.249E-01	3.117E-01	4.409E-01	3.527E-01	2.188E-02	1.418E-01	1.157E-03	5.824E-02	4.317E-03	2.008E-01	4.901E-01	3.241E-01	8.156E-01	2.067E-01	2.250E-01
2001-01-12	1.520E-01	2.312E-03	3.314E-03	3.689E-01	1.764E-04	1.734E-02	1.323E-01	6.471E-02	7.535E-03	8.414E-03	5.677E-01	3.542E-01	4.564E-01	4.220E-01	3.033E-02	1.255E-01	1.329E-03	4.589E-02	5.031E-03	1.592E-01	4.001E-01	2.538E-01	6.551E-01	2.367E-01	2.515E-01
2001-01-13	1.230E-01	2.574E-03	3.356E-03	2.974E-01	1.905E-04	1.414E-02	1.076E-01	5.256E-02	8.440E-03	9.142E-03	4.575E-01	3.776E-01	4.610E-01	4.775E-01	4.053E-02	1.176E-01	1.472E-03	3.754E-02	5.624E-03	1.300E-01	3.406E-01	2.050E-01	5.465E-01	2.590E-01	2.711E-01
2001-01-14	9.996E-02	2.794E-03	3.415E-03	2.425E-01	2.024E-04	1.159E-02	8.799E-02	4.292E-02	9.207E-03	9.786E-03	3.729E-01	3.868E-01	4.552E-01	5.205E-01	5.254E-02	1.160E-01	1.593E-03	3.107E-02	6.125E-03	1.073E-01	2.992E-01	1.674E-01	4.673E-01	2.753E-01	2.853E-01
2001-01-15	8.198E-02	2.977E-03	3.495E-03	1.994E-01	2.123E-04	9.537E-03	7.198E-02	3.518E-02	9.851E-03	1.033E-02	3.053E-01	3.855E-01	4.416E-01	5.517E-01	6.627E-02	1.187E-01	1.694E-03	2.580E-02	6.543E-03	8.947E-02	2.703E-01	1.372E-01	4.080E-01	2.870E-01	2.952E-01
2001-01-16	6.733E-02	3.130E-03	3.562E-03	1.644E-01	2.206E-04	7.856E-03	5.888E-02	2.885E-02	1.039E-02	1.078E-02	2.502E-01	3.769E-01	4.229E-01	5.724E-01	8.150E-02	1.249E-01	1.780E-03	2.150E-02	6.893E-03	7.494E-02	2.507E-01	1.125E-01	3.636E-01	2.949E-01	3.019E-01
2001-01-17	5.785E-02	3.272E-03	3.633E-03	1.381E-01	2.283E-04	6.575E-03	4.941E-02	2.469E-02	1.085E-02	1.119E-02	2.055E-01	3.635E-01	4.024E-01	5.841E-01	9.800E-02	1.352E-01	1.859E-03	1.798E-02	7.194E-03	6.362E-02	2.407E-01	9.251E-02	3.335E-01	3.002E-01	3.067E-01
2001-01-18	5.313E-02	3.405E-03	3.708E-03	1.246E-01	2.352E-04	6.148E-03	4.598E-02	2.293E-02	1.126E-02	1.156E-02	1.858E-01	3.482E-01	3.846E-01	5.894E-01	1.155E-01	1.496E-01	1.930E-03	1.656E-02	7.457E-03	5.891E-02	2.466E-01	8.448E-02	3.313E-01	3.041E-01	3.101E-01
2001-01-19	4.999E-02	3.545E-03	3.811E-03	1.174E-01	2.441E-04	5.866E-03	4.398E-02	2.171E-02	1.168E-02	1.197E-02	1.751E-01	3.334E-01	3.684E-01	5.912E-01	1.340E-01	1.667E-01	2.013E-03	1.613E-02	7.740E-03	5.630E-02	2.592E-01	8.017E-02	3.395E-01	3.084E-01	3.142E-01
2001-01-20	4.882E-02	3.725E-03	3.983E-03	1.155E-01	2.599E-04	5.819E-03	4.332E-02	2.129E-02	1.222E-02	1.250E-02	1.697E-01	3.205E-01	3.554E-01	5.922E-01	1.539E-01	1.876E-01	2.129E-03	1.633E-02	8.117E-03	5.605E-02	2.801E-01	7.976E-02	3.601E-01	3.145E-01	3.206E-01
2001-01-21	4.522E-02	3.891E-03	4.109E-03	1.075E-01	2.757E-04	5.417E-03	4.064E-02	1.972E-02	1.273E-02	1.299E-02	1.593E-01	3.082E-01	3.408E-01	5.907E-01	1.742E-01	2.053E-01	2.239E-03	1.549E-02	8.477E-03	5.288E-02	2.919E-01	7.411E-02	3.661E-01	3.210E-01	3.266E-01
2001-01-22	4.234E-02	4.084E-03	4.282E-03	1.021E-01	2.935E-04	5.177E-03	3.908E-02	1.860E-02	1.329E-02	1.355E-02	1.507E-01	2.968E-01	3.286E-01	5.874E-01	1.950E-01	2.259E-01	2.373E-03	1.538E-02	8.877E-03	5.101E-02	3.097E-01	7.116E-02	3.810E-01	3.281E-01	3.338E-01
2001-01-23	4.114E-02	4.300E-03	4.490E-03	9.955E-02	3.149E-04	5.095E-03	3.814E-02	1.809E-02	1.391E-02	1.416E-02	1.466E-01	2.865E-01	3.176E-01	5.832E-01	2.161E-01	2.466E-01	2.529E-03	1.527E-02	9.326E-03	5.038E-02	3.292E-01	6.976E-02	3.991E-01	3.362E-01	3.418E-01
2001-01-24	7.734E-02	4.557E-03	5.285E-03	1.920E-01	3.383E-04	8.493E-03	6.701E-02	3.313E-02	1.469E-02	1.558E-02	2.237E-01	2.820E-01	3.443E-01	5.879E-01	2.382E-01	3.152E-01	2.712E-03	3.049E-02	9.903E-03	8.470E-02	4.701E-01	1.273E-01	5.972E-01	3.515E-01	3.677E-01
2001-01-25	1.224E-01	4.870E-03	6.261E-03	3.095E-01	3.608E-04	1.359E-02	1.134E-01	5.529E-02	1.583E-02	1.735E-02	3.782E-01	2.910E-01	3.926E-01	6.131E-01	2.625E-01	3.850E-01	2.919E-03	4.309E-02	1.067E-02	1.298E-01	6.266E-01	2.103E-01	8.369E-01	3.811E-01	4.062E-01
2001-01-26	1.748E-01	5.233E-03	7.256E-03	4.293E-01	3.786E-04	1.890E-02	1.563E-01	7.578E-02	1.731E-02	1.868E-02	5.326E-01	3.161E-01	4.527E-01	6.612E-01	2.895E-01	4.370E-01	3.124E-03	5.759E-02	1.156E-02	1.823E-01	7.714E-01	2.853E-01	1.057E+00	4.248E-01	4.536E-01
2001-01-27	1.319E-01	5.627E-03	7.025E-03	3.377E-01	3.975E-04	1.365E-02	1.224E-01	5.473E-02	1.887E-02	1.990E-02	4.396E-01	3.434E-01	4.467E-01	7.104E-01	3.189E-01	4.303E-01	3.341E-03	4.273E-02	1.251E-02	1.430E-01	6.875E-01	2.182E-01	9.068E-01	4.700E-01	4.922E-01
2001-01-28	1.054E-01	5.924E-03	7.018E-03	2.693E-01	4.123E-04	1.108E-02	9.762E-02	4.396E-02	2.010E-02	2.091E-02	3.485E-01	3.570E-01	4.395E-01	7.389E-01	3.483E-01	4.364E-01	3.512E-03	3.548E-02	1.324E-02	1.170E-01	6.442E-01	1.732E-01	8.181E-01	5.037E-01	5.209E-01
2001-01-29	8.771E-02	6.170E-03	7.043E-03	2.234E-01	4.252E-04	9.271E-03	8.048E-02	3.638E-02	2.112E-02	2.179E-02	2.856E-01	3.596E-01	4.281E-01	7.531E-01	3.772E-01	4.501E-01	3.661E-03	3.054E-02	1.385E-02	9.981E-02	6.246E-01	1.424E-01	7.676E-01	5.299E-01	5.442E-01
2001-01-30	7.108E-02	6.378E-03	7.060E-03	1.824E-01	4.360E-04	7.619E-03	6.578E-02	2.961E-02	2.196E-02	2.251E-02	2.343E-01	3.549E-01	4.109E-01	7.560E-01	4.050E-01	4.646E-01	3.786E-03	2.566E-02	1.436E-02	8.393E-02	6.085E-01	1.161E-01	7.251E-01	5.505E-01	5.622E-01
2001-01-31	6.603E-02	6.663E-03	7.290E-03	1.690E-01	4.573E-04	7.290E-03	6.301E-02	2.824E-02	2.293E-02	2.349E-02	2.178E-01	3.479E-01	4.020E-01	7.544E-01	4.330E-01	4.894E-01	3.963E-03	2.482E-02	1.496E-02	7.826E-02	6.225E-01	1.075E-01	7.302E-01	5.699E-01	5.811E-01
2001-02-01	5.936E-02	6.962E-03	7.476E-03	1.472E-01	4.817E-04	6.669E-03	5.098E-02	2.506E-02	2.390E-02	2.434E-02	1.959E-01	3.395E-01	3.828E-01	7.487E-01	4.597E-01	5.056E-01	4.152E-03	2.084E-02	1.555E-02	7.244E-02	6.234E-01	9.333E-02	7.171E-01	5.878E-01	5.968E-01
2001-02-02	5.456E-02	7.163E-03	7.597E-03	1.345E-01	4.954E-04	6.261E-03	4.679E-02	2.324E-02	2.455E-02	2.492E-02	1.809E-01	3.288E-01	3.669E-01	7.369E-01	4.828E-01	5.215E-01	4.278E-03	1.908E-02	1.596E-02	6.817E-02	6.309E-01	8.553E-02	7.166E-01	6.020E-01	6.095E-01
2001-02-03	5.043E-02	7.329E-03	7.695E-03	1.245E-01	5.060E-04	5.892E-03	4.411E-02	2.165E-02	2.510E-02	2.543E-02	1.692E-01	3.174E-01	3.532E-01	7.223E-01	5.033E-01	5.387E-01	4.384E-03	1.832E-02	1.630E-02	6.449E-02	6.409E-01	7.935E-02	7.205E-01	6.147E-01	6.214E-01
2001-02-04	4.674E-02	7.451E-03	7.761E-03	1.156E-01	5.129E-04	5.552E-03	4.166E-02	2.020E-02	2.555E-02	2.585E-02	1.587E-01	3.059E-01	3.397E-01	7.059E-01	5.209E-01	5.537E-01	4.460E-03	1.763E-02	1.656E-02	6.115E-02	6.496E-01	7.382E-02	7.236E-01	6.259E-01	6.321E-01
2001-02-05	4.341E-02	7.664E-03	7.926E-03	1.078E-01	5.335E-04	5.253E-03	3.935E-02	1.888E-02	2.624E-02	2.651E-02	1.490E-01	2.959E-01	3.277E-01	6.907E-01	5.382E-01	5.686E-01	4.609E-03	1.706E-02	1.700E-02	5.834E-02	6.590E-01	6.879E-02	7.279E-01	6.389E-01	6.446E-01
2001-02-06	4.040E-02	7.991E-03	8.213E-03	1.009E-01	5.737E-04	4.998E-03	3.718E-02	1.766E-02	2.725E-02	2.750E-02	1.400E-01	2.875E-01	3.175E-01	6.776E-01	5.559E-01	5.841E-01	4.852E-03	1.662E-02	1.766E-02	5.606E-02	6.697E-01	6.421E-02	7.341E-01	6.543E-01	6.595E-01
2001-02-07	3.184E-01	8.769E-03	1.155E-02	6.870E-01	6.210E-04	3.385E-02	2.575E-01	1.364E-01	2.965E-02	3.219E-02	8.595E-01	3.196E-01	5.438E-01	7.314E-01	5.806E-01	7.984E-01	5.256E-03	9.159E-02	1.914E-02	3.098E-01	1.335E+00	4.540E-01	1.787E+00	7.159E-01	7.594E-01
2001-02-08	6.982E-01	1.106E-02	1.408E-02	1.478E+00	7.443E-04	7.930E-02	4.779E-01	3.132E-01	3.604E-02	3.922E-02	2.123E+00	4.712E-01	8.576E-01	9.568E-01	6.346E-01	9.816E-01	6.461E-03	1.909E-01	2.355E-02	6.672E-01	2.099E+00	9.319E-01	3.030E+00	8.904E-01	9.467E-01
2001-02-09	5.008E-01	1.410E-02	1.615E-02	1.131E+00	9.093E-04	5.319E-02	3.433E-01	2.113E-01	4.409E-02	4.616E-02	1.774E+00	7.095E-01	9.695E-01	1.267E+00	7.124E-01	9.515E-01	8.111E-03	1.335E-01	2.946E-02	5.021E-01	1.778E+00	6.897E-01	2.471E+00	1.106E+00	1.142E+00
2001-02-10	3.837E-01	1.622E-02	1.783E-02	8.674E-01	1.007E-03	4.145E-02	2.620E-01	1.633E-01	4.973E-02	5.137E-02	1.348E+00	8.712E-01	1.072E+00	1.487E+00	7.951E-01	9.786E-01	9.223E-03	1.059E-01	3.358E-02	3.941E-01	1.620E+00	5.251E-01	2.148E+00	1.255E+00	1.283E+00
2001-02-11	3.281E-01	1.816E-02	1.960E-02	7.436E-01	1.109E-03	3.579E-02	2.296E-01	1.406E-01	5.484E-02	5.639E-02	1.131E+00	9.597E-01	1.140E+00	1.650E+00	8.892E-01	1.053E+00	1.028E-02	9.456E-02	3.731E-02	3.438E-01	1.610E+00	4.519E-01	2.063E+00	1.371E+00	1.398E+00
2001-02-12	5.179E-01	2.064E-02	2.230E-02	9.264E-01	1.210E-03	3.910E-02	2.421E-01	1.471E-01	5.988E-02	6.157E-02	1.141E+00	1.017E+00	1.212E+00	1.807E+00	9.933E-01	1.168E+00	1.160E-02	9.970E-02	4.112E-02	4.289E-01	1.818E+00	4.763E-01	2.294E+00	1.486E+00	1.516E+00
2001-02-13	3.766E-01	2.347E-02	2.457E-02	7.073E-01	1.278E-03	2.736E-02	1.703E-01	1.026E-01	6.392E-02	6.504E-02	8.723E-01	1.038E+00	1.171E+00	1.926E+00	1.100E+00	1.219E+00	1.292E-02	7.384E-02	4.433E-02	3.274E-01	1.703E+00	3.422E-01	2.047E+00	1.584E+00	1.603E+00
2001-02-14	2.832E-01	2.570E-02	2.652E-02	5.340E-01	1.326E-03	2.063E-02	1.264E-01	7.618E-02	6.669E-02	6.755E-02	6.416E-01	1.007E+00	1.107E+00	1.961E+00	1.202E+00	1.289E+00	1.388E-02	5.851E-02	4.654E-02	2.560E-01	1.659E+00	2.509E-01	1.911E+00	1.643E+00	1.658E+00
2001-02-15	2.129E-01	2.731E-02	2.793E-02	4.109E-01	1.359E-03	1.590E-02	9.434E-02	5.803E-02	6.857E-02	6.923E-02	4.826E-01	9.458E-01	1.021E+00	1.937E+00	1.293E+00	1.357E+00	1.457E-02	4.815E-02	4.803E-02	2.027E-01	1.645E+00	1.880E-01	1.833E+00	1.680E+00	1.691E+00
2001-02-16	1.560E-01	2.842E-02	2.887E-02	3.074E-01	1.382E-03	1.166E-02	6.463E-02	4.170E-02	6.977E-02	7.024E-02	3.499E-01	8.709E-01	9.218E-01	1.871E+00	1.368E+00	1.411E+00	1.507E-02	3.833E-02	4.902E-02	1.612E-01	1.631E+00	1.306E-01	1.762E+00	1.701E+00	1.708E+00
2001-02-17	1.274E-01	2.920E-02	2.957E-02	2.542E-01	1.400E-03	9.762E-03	5.141E-02	3.413E-02	7.054E-02	7.095E-02	2.767E-01	7.940E-01	8.355E-01	1.782E+00	1.426E+00	1.462E+00	1.544E-02	3.424E-02	4.967E-02	1.403E-01	1.649E+00	1.039E-01	1.753E+00	1.713E+00	1.720E+00
2001-02-18	1.060E-01	2.974E-02	3.006E-02	2.165E-01	1.414E-03	8.265E-03	4.689E-02	2.824E-02	7.105E-02	7.143E-02	2.273E-01	7.226E-01	7.609E-01	1.684E+00	1.467E+00	1.500E+00	1.573E-02	3.116E-02	5.011E-02	1.247E-01	1.664E+00	8.848E-02	1.752E+00	1.722E+00	1.729E+00
2001-02-19	9.795E-02	3.018E-02	3.052E-02	2.071E-01	1.430E-03	8.483E-03	4.984E-02	2.773E-02	7.160E-02	7.201E-02	2.311E-01	6.619E-01	7.028E-01	1.590E+00	1.492E+00	1.527E+00	1.598E-02	3.189E-02	5.049E-02	1.207E-01	1.688E+00	9.118E-02	1.779E+00	1.733E+00	1.740E+00
2001-02-20	8.333E-02	3.053E-02	3.081E-02	1.872E-01	1.445E-03	7.713E-03	4.674E-02	2.580E-02	7.213E-02	7.249E-02	2.124E-01	6.112E-01	6.485E-01	1.502E+00	1.504E+00	1.536E+00	1.620E-02	3.080E-02	5.081E-02	1.085E-01	1.680E+00	8.392E-02	1.765E+00	1.743E+00	1.748E+00
2001-02-21	7.084E-02	3.072E-02	3.096E-02	1.687E-01	1.453E-03	7.186E-03	4.299E-02	2.382E-02	7.246E-02	7.277E-02	1.939E-01	5.662E-01	6.004E-01	1.416E+00	1.503E+00	1.532E+00	1.633E-02	2.992E-02	5.099E-02	1.029E-01	1.667E+00	7.510E-02	1.743E+00	1.747E+00	1.753E+00
2001-02-22	5.912E-02	3.089E-02	3.106E-02	1.501E-01	1.474E-03	6.683E-03	3.933E-02	2.158E-02	7.295E-02	7.323E-02	1.764E-01	5.272E-01	5.583E-01	1.336E+00	1.495E+00	1.521E+00	1.651E-02	2.890E-02	5.131E-02	9.812E-02	1.649E+00	6.879E-02	1.718E+00	1.751E+00	1.756E+00
2001-02-23	5.525E-02	3.101E-02	3.117E-02	1.422E-01	1.497E-03	6.419E-03	3.705E-02	2.042E-02	7.342E-02	7.369E-02	1.651E-01	4.927E-01	5.221E-01	1.262E+00	1.478E+00	1.503E+00	1.670E-02	2.839E-02	5.163E-02	9.572E-02	1.628E+00	6.486E-02	1.693E+00	1.751E+00	1.756E+00
2001-02-24	5.257E-02	3.150E-02	3.165E-02	1.371E-01	1.569E-03	6.225E-03	3.503E-02	1.937E-02	7.469E-02	7.495E-02	1.563E-01	4.653E-01	4.931E-01	1.199E+00	1.462E+00	1.487E+00	1.718E-02	2.822E-02	5.265E-02	9.440E-02	1.608E+00	6.141E-02	1.670E+00	1.757E+00	1.761E+00
2001-02-25	5.007E-02	3.211E-02	3.226E-02	1.326E-01	1.658E-03	6.064E-03	3.312E-02	1.838E-02	7.619E-02	7.644E-02	1.483E-01	4.417E-01	4.679E-01	1.142E+00	1.443E+00	1.467E+00	1.777E-02	2.821E-02	5.389E-02	9.348E-02	1.586E+00	5.817E-02	1.644E+00	1.761E+00	1.765E+00
2001-02-26	4.771E-02	3.218E-02	3.232E-02	1.278E-01	1.682E-03	5.853E-03	3.132E-02	1.745E-02	7.655E-02	7.679E-02	1.406E-01	4.173E-01	4.421E-01	1.083E+00	1.412E+00	1.434E+00	1.795E-02	2.784E-02	5.416E-02	9.180E-02	1.551E+00	5.509E-02	1.606E+00	1.749E+00	1.754E+00
2001-02-27	4.547E-02	3.251E-02	3.265E-02	1.235E-01	1.749E-03	5.695E-03	2.962E-02	1.656E-02	7.759E-02	7.782E-02	1.334E-01	3.979E-01	4.214E-01	1.033E+00	1.383E+00	1.404E+00	1.833E-02	2.767E-02	5.492E-02	9.060E-02	1.518E+00	5.219E-02	1.571E+00	1.742E+00	1.746E+00
2001-02-28	4.334E-02	3.305E-02	3.319E-02	1.197E-01	1.845E-03	5.579E-03	2.801E-02	1.572E-02	7.907E-02	7.929E-02	1.266E-01	3.816E-01	4.038E-01	9.901E-01	1.355E+00	1.376E+00	1.888E-02	2.772E-02	5.605E-02	8.988E-02	1.488E+00	4.944E-02	1.537E+00	1.734E+00	1.738E+00
2001-03-01	4.131E-02	3.360E-02	3.373E-02	1.161E-01	1.936E-03	5.471E-03	2.649E-02	1.492E-02	8.048E-02	8.069E-02	1.201E-01	3.667E-01	3.878E-01	9.497E-01	1.326E+00	1.346E+00	1.945E-02	2.780E-02	5.716E-02	8.926E-02	1.456E+00	4.683E-02	1.503E+00	1.723E+00	1.727E+00
2001-03-02	3.940E-02	3.391E-02	3.403E-02	1.125E-01	2.003E-03	5.348E-03	2.505E-02	1.417E-02	8.139E-02	8.160E-02	1.140E-01	3.518E-01	3.717E-01	9.095E-01	1.293E+00	1.312E+00	1.983E-02	2.774E-02	5.786E-02	8.836E-02	1.420E+00	4.436E-02	1.465E+00	1.704E+00	1.708E+00
2001-03-03	3.757E-02	3.372E-02	3.384E-02	1.087E-01	2.005E-03	5.173E-03	2.369E-02	1.346E-02	8.121E-02	8.141E-02	1.082E-01	3.355E-01	3.544E-01	8.666E-01	1.252E+00	1.270E+00	1.983E-02	2.732E-02	5.770E-02	8.673E-02	1.376E+00	4.203E-02	1.419E+00	1.674E+00	1.677E+00
2001-03-04	3.585E-02	3.350E-02	3.362E-02	1.049E-01	2.005E-03	5.003E-03	2.240E-02	1.278E-02	8.097E-02	8.116E-02	1.027E-01	3.205E-01	3.383E-01	8.267E-01	1.211E+00	1.229E+00	1.982E-02	2.690E-02	5.750E-02	8.507E-02	1.332E+00	3.982E-02	1.372E+00	1.641E+00	1.645E+00
2001-03-05	3.420E-02	3.327E-02	3.338E-02	1.013E-01	2.004E-03	4.842E-03	2.118E-02	1.214E-02	8.070E-02	8.088E-02	9.746E-02	3.067E-01	3.236E-01	7.897E-01	1.171E+00	1.188E+00	1.979E-02	2.649E-02	5.729E-02	8.347E-02	1.289E+00	3.773E-02	1.327E+00	1.607E+00	1.611E+00
2001-03-06	3.264E-02	3.303E-02	3.314E-02	9.791E-02	2.003E-03	4.689E-03	2.003E-02	1.153E-02	8.040E-02	8.058E-02	9.252E-02	2.940E-01	3.101E-01	7.552E-01	1.132E+00	1.149E+00	1.976E-02	2.610E-02	5.705E-02	8.192E-02	1.247E+00	3.575E-02	1.283E+00	1.572E+00	1.576E+00
2001-03-07	3.116E-02	3.279E-02	3.289E-02	9.465E-02	2.001E-03	4.543E-03	1.894E-02	1.095E-02	8.008E-02	8.026E-02	8.785E-02	2.823E-01	2.975E-01	7.230E-01	1.094E+00	1.110E+00	1.972E-02	2.572E-02	5.680E-02	8.042E-02	1.206E+00	3.388E-02	1.240E+00	1.537E+00	1.540E+00
2001-03-08	6.054E-02	3.263E-02	3.315E-02	1.628E-01	2.002E-03	7.538E-03	4.049E-02	2.304E-02	8.005E-02	8.073E-02	1.577E-01	2.758E-01	3.128E-01	7.014E-01	1.060E+00	1.110E+00	1.973E-02	3.365E-02	5.673E-02	1.089E-01	1.264E+00	8.384E-02	1.347E+00	1.512E+00	1.522E+00
2001-03-09	1.213E-01	3.300E-02	3.427E-02	3.042E-01	2.045E-03	1.301E-02	8.718E-02	4.626E-02	8.150E-02	8.305E-02	3.195E-01	2.845E-01	3.667E-01	7.082E-01	1.036E+00	1.152E+00	2.008E-02	5.086E-02	5.764E-02	1.631E-01	1.413E+00	1.798E-01	1.592E+00	1.520E+00	1.543E+00
2001-03-10	3.204E-01	3.435E-02	3.778E-02	7.487E-01	2.126E-03	3.440E-02	2.456E-01	1.343E-01	8.575E-02	8.928E-02	8.891E-01	3.349E-01	5.530E-01	7.848E-01	1.031E+00	1.296E+00	2.088E-02	1.018E-01	6.021E-02	3.484E-01	1.892E+00	4.836E-01	2.375E+00	1.602E+00	1.654E+00
2001-03-11	6.036E-01	3.749E-02	4.296E-02	1.368E+00	2.256E-03	6.660E-02	4.955E-01	2.574E-01	9.486E-02	9.935E-02	1.834E+00	4.810E-01	9.007E-01	1.002E+00	1.057E+00	1.470E+00	2.239E-02	1.768E-01	6.561E-02	6.195E-01	2.533E+00	9.230E-01	3.456E+00	1.807E+00	1.887E+00
2001-03-12	9.291E-01	4.370E-02	4.845E-02	2.066E+00	2.555E-03	1.058E-01	7.055E-01	4.015E-01	1.117E-01	1.166E-01	2.915E+00	8.013E-01	1.398E+00	1.454E+00	1.143E+00	1.679E+00	2.563E-02	2.837E-01	7.664E-02	9.297E-01	3.269E+00	1.408E+00	4.677E+00	2.175E+00	2.276E+00
2001-03-13	7.692E-01	5.116E-02	5.457E-02	1.692E+00	2.899E-03	7.658E-02	5.147E-01	2.784E-01	1.301E-01	1.334E-01	2.378E+00	1.204E+00	1.616E+00	2.019E+00	1.278E+00	1.654E+00	2.966E-02	2.086E-01	8.971E-02	7.974E-01	2.944E+00	1.046E+00	3.995E+00	2.560E+00	2.627E+00
2001-03-14	6.479E-01	5.752E-02	6.058E-02	1.448E+00	3.176E-03	6.716E-02	4.458E-01	2.425E-01	1.446E-01	1.478E-01	2.001E+00	1.473E+00	1.839E+00	2.468E+00	1.444E+00	1.775E+00	3.308E-02	1.884E-01	1.003E-01	6.972E-01	2.893E+00	8.933E-01	3.790E+00	2.823E+00	2.884E+00
2001-03-15	5.211E-01	6.287E-02	6.529E-02	1.183E+00	3.432E-03	5.361E-02	3.566E-01	1.931E-01	1.574E-01	1.600E-01	1.624E+00	1.616E+00	1.909E+00	2.806E+00	1.639E+00	1.913E+00	3.606E-02	1.597E-01	1.094E-01	5.843E-01	2.830E+00	7.100E-01	3.543E+00	3.009E+00	3.061E+00
2001-03-16	5.769E-01	6.932E-02	7.235E-02	1.302E+00	3.810E-03	5.943E-02	4.375E-01	2.322E-01	1.733E-01	1.768E-01	1.731E+00	1.717E+00	2.067E+00	3.106E+00	1.872E+00	2.183E+00	3.990E-02	1.844E-01	1.202E-01	6.187E-01	3.156E+00	7.531E-01	3.910E+00	3.192E+00	3.250E+00
2001-03-17	4.489E-01	7.555E-02	7.776E-02	1.055E+00	4.198E-03	4.574E-02	3.369E-01	1.739E-01	1.894E-01	1.920E-01	1.419E+00	1.773E+00	2.035E+00	3.339E+00	2.120E+00	2.354E+00	4.372E-02	1.520E-01	1.307E-01	5.192E-01	3.146E+00	5.884E-01	3.736E+00	3.361E+00	3.404E+00
2001-03-18	3.537E-01	7.856E-02	8.030E-02	8.472E-01	4.349E-03	3.673E-02	2.611E-01	1.362E-01	1.982E-01	2.003E-01	1.108E+00	1.726E+00	1.931E+00	3.399E+00	2.336E+00	2.517E+00	4.559E-02	1.299E-01	1.362E-01	4.395E-01	3.168E+00	4.573E-01	3.627E+00	3.449E+00	3.484E+00
2001-03-19	2.812E-01	8.043E-02	8.181E-02	6.887E-01	4.449E-03	2.976E-02	2.038E-01	1.074E-01	2.042E-01	2.059E-01	8.702E-01	1.624E+00	1.786E+00	3.348E+00	2.520E+00	2.661E+00	4.687E-02	1.128E-01	1.400E-01	3.782E-01	3.204E+00	3.577E-01	3.563E+00	3.499E+00	3.527E+00
2001-03-20	2.246E-01	8.149E-02	8.259E-02	5.648E-01	4.519E-03	2.431E-02	1.592E-01	8.487E-02	2.082E-01	2.096E-01	6.860E-01	1.499E+00	1.627E+00	3.222E+00	2.660E+00	2.771E+00	4.776E-02	9.926E-02	1.424E-01	3.299E-01	3.230E+00	2.801E-01	3.511E+00	3.525E+00	3.548E+00
2001-03-21	1.808E-01	8.193E-02	8.281E-02	4.699E-01	4.567E-03	2.037E-02	1.267E-01	6.820E-02	2.105E-01	2.117E-01	5.486E-01	1.369E+00	1.472E+00	3.053E+00	2.754E+00	2.843E+00	4.833E-02	8.905E-02	1.437E-01	2.932E-01	3.239E+00	2.245E-01	3.464E+00	3.534E+00	3.552E+00
2001-03-22	1.505E-01	8.192E-02	8.264E-02	4.029E-01	4.600E-03	1.753E-02	1.032E-01	5.640E-02	2.118E-01	2.128E-01	4.498E-01	1.245E+00	1.330E+00	2.865E+00	2.802E+00	2.876E+00	4.868E-02	8.193E-02	1.444E-01	2.672E-01	3.228E+00	1.838E-01	3.412E+00	3.530E+00	3.545E+00
2001-03-23	1.268E-01	8.159E-02	8.220E-02	3.507E-01	4.619E-03	1.523E-02	8.443E-02	4.695E-02	2.122E-01	2.131E-01	3.727E-01	1.132E+00	1.202E+00	2.671E+00	2.810E+00	2.872E+00	4.887E-02	7.609E-02	1.445E-01	2.463E-01	3.189E+00	1.511E-01	3.341E+00	3.513E+00	3.527E+00
2001-03-24	1.077E-01	8.101E-02	8.154E-02	3.081E-01	4.629E-03	1.333E-02	6.907E-02	3.920E-02	2.119E-01	2.127E-01	3.099E-01	1.031E+00	1.088E+00	2.482E+00	2.785E+00	2.838E+00	4.892E-02	7.121E-02	1.441E-01	2.288E-01	3.125E+00	1.245E-01	3.250E+00	3.483E+00	3.495E+00
2001-03-25	9.200E-02	8.024E-02	8.069E-02	2.728E-01	4.631E-03	1.178E-02	5.650E-02	3.284E-02	2.111E-01	2.117E-01	2.585E-01	9.404E-01	9.878E-01	2.301E+00	2.733E+00	2.778E+00	4.886E-02	6.712E-02	1.435E-01	2.141E-01	3.041E+00	1.026E-01	3.144E+00	3.441E+00	3.451E+00
2001-03-26	7.915E-02	7.934E-02	7.973E-02	2.452E-01	4.629E-03	1.085E-02	4.860E-02	2.852E-02	2.099E-01	2.105E-01	2.227E-01	8.608E-01	9.019E-01	2.132E+00	2.662E+00	2.702E+00	4.872E-02	6.408E-02	1.426E-01	2.031E-01	2.948E+00	9.006E-02	3.038E+00	3.386E+00	3.396E+00
2001-03-27	7.389E-02	7.835E-02	7.869E-02	2.317E-01	4.624E-03	1.045E-02	4.540E-02	2.674E-02	2.084E-01	2.090E-01	2.055E-01	7.924E-01	8.309E-01	1.979E+00	2.578E+00	2.615E+00	4.854E-02	6.296E-02	1.415E-01	1.975E-01	2.852E+00	8.348E-02	2.936E+00	3.323E+00	3.333E+00
2001-03-28	6.982E-02	7.734E-02	7.763E-02	2.215E-01	4.616E-03	1.009E-02	4.286E-02	2.521E-02	2.069E-01	2.075E-01	1.937E-01	7.345E-01	7.707E-01	1.842E+00	2.485E+00	2.520E+00	4.833E-02	6.197E-02	1.404E-01	1.928E-01	2.750E+00	7.809E-02	2.829E+00	3.253E+00	3.262E+00
2001-03-29	1.063E-01	7.668E-02	7.736E-02	3.058E-01	4.640E-03	1.375E-02	7.051E-02	3.875E-02	2.064E-01	2.075E-01	2.676E-01	6.944E-01	7.613E-01	1.740E+00	2.396E+00	2.483E+00	4.843E-02	7.601E-02	1.402E-01	2.316E-01	2.794E+00	1.456E-01	2.940E+00	3.204E+00	3.223E+00
2001-03-30	2.339E-01	7.748E-02	7.909E-02	5.938E-01	4.803E-03	2.910E-02	1.709E-01	9.076E-02	2.102E-01	2.125E-01	6.199E-01	7.026E-01	8.691E-01	1.728E+00	2.336E+00	2.544E+00	4.964E-02	1.174E-01	1.434E-01	3.675E-01	3.113E+00	3.795E-01	3.492E+00	3.246E+00	3.290E+00
2001-03-31	4.904E-01	8.025E-02	8.459E-02	1.165E+00	5.031E-03	5.610E-02	3.713E-01	2.028E-01	2.197E-01	2.235E-01	1.375E+00	8.049E-01	1.134E+00	1.874E+00	2.315E+00	2.648E+00	5.172E-02	1.795E-01	1.500E-01	6.119E-01	3.629E+00	7.395E-01	4.368E+00	3.418E+00	3.483E+00
2001-04-01	7.599E-01	8.589E-02	8.938E-02	1.594E+00	5.248E-03	6.946E-02	4.591E-01	2.856E-01	2.338E-01	2.369E-01	1.818E+00	1.003E+00	1.355E+00	2.174E+00	2.335E+00	2.613E+00	5.480E-02	2.195E-01	1.596E-01	7.614E-01	3.767E+00	7.827E-01	4.551E+00	3.647E+00	3.690E+00
2001-04-02	5.371E-01	9.200E-02	9.437E-02	1.199E+00	5.440E-03	4.687E-02	3.115E-01	1.885E-01	2.465E-01	2.485E-01	1.372E+00	1.180E+00	1.409E+00	2.448E+00	2.384E+00	2.565E+00	5.804E-02	1.667E-01	1.687E-01	5.912E-01	3.424E+00	5.354E-01	3.963E+00	3.788E+00	3.816E+00
2001-04-03	3.892E-01	9.546E-02	9.716E-02	8.874E-01	5.547E-03	3.442E-02	2.179E-01	1.353E-01	2.537E-01	2.551E-01	9.687E-01	1.241E+00	1.400E+00	2.562E+00	2.436E+00	2.555E+00	5.998E-02	1.358E-01	1.738E-01	4.687E-01	3.205E+00	3.613E-01	3.568E+00	3.803E+00	3.823E+00
2001-04-04	4.710E-01	9.918E-02	1.015E-01	1.044E+00	5.731E-03	4.494E-02	2.846E-01	1.755E-01	2.618E-01	2.641E-01	1.139E+00	1.275E+00	1.498E+00	2.656E+00	2.503E+00	2.682E+00	6.230E-02	1.632E-01	1.796E-01	5.447E-01	3.464E+00	4.798E-01	3.944E+00	3.825E+00	3.857E+00
2001-04-05	3.491E-01	1.026E-01	1.042E-01	8.184E-01	5.916E-03	3.212E-02	2.053E-01	1.232E-01	2.698E-01	2.713E-01	9.067E-01	1.296E+00	1.447E+00	2.726E+00	2.571E+00	2.687E+00	6.454E-02	1.333E-01	1.851E-01	4.476E-01	3.297E+00	3.381E-01	3.637E+00	3.847E+00	3.867E+00
2001-04-06	2.765E-01	1.040E-01	1.053E-01	6.640E-01	5.983E-03	2.658E-02	1.651E-01	9.828E-02	2.734E-01	2.747E-01	7.351E-01	1.266E+00	1.389E+00	2.700E+00	2.617E+00	2.709E+00	6.561E-02	1.185E-01	1.874E-01	3.888E-01	3.222E+00	2.640E-01	3.487E+00	3.810E+00	3.827E+00
2001-04-07	2.879E-01	1.053E-01	1.068E-01	6.947E-01	6.087E-03	3.083E-02	1.987E-01	1.112E-01	2.774E-01	2.791E-01	8.483E-01	1.241E+00	1.391E+00	2.665E+00	2.654E+00	2.766E+00	6.671E-02	1.263E-01	1.898E-01	4.098E-01	3.318E+00	3.147E-01	3.633E+00	3.784E+00	3.807E+00
2001-04-08	1.889E-01	1.058E-01	1.067E-01	5.009E-01	6.157E-03	2.047E-02	1.227E-01	6.752E-02	2.800E-01	2.810E-01	5.988E-01	1.203E+00	1.291E+00	2.598E+00	2.672E+00	2.736E+00	6.739E-02	1.024E-01	1.910E-01	3.311E-01	3.153E+00	1.962E-01	3.350E+00	3.746E+00	3.757E+00
2001-04-09	1.237E-01	1.048E-01	1.054E-01	3.445E-01	6.130E-03	1.326E-02	6.053E-02	4.141E-02	2.784E-01	2.791E-01	3.686E-01	1.122E+00	1.168E+00	2.458E+00	2.659E+00	2.693E+00	6.720E-02	8.451E-02	1.897E-01	2.652E-01	3.004E+00	1.049E-01	3.110E+00	3.656E+00	3.665E+00
2001-04-10	8.169E-02	1.032E-01	1.034E-01	2.667E-01	6.085E-03	1.159E-02	4.425E-02	2.686E-02	2.753E-01	2.758E-01	2.309E-01	1.024E+00	1.061E+00	2.292E+00	2.620E+00	2.649E+00	6.670E-02	8.044E-02	1.874E-01	2.416E-01	2.926E+00	7.952E-02	3.006E+00	3.551E+00	3.559E+00
2001-04-11	1.471E-01	1.023E-01	1.032E-01	4.035E-01	6.126E-03	2.002E-02	1.227E-01	6.463E-02	2.748E-01	2.759E-01	4.897E-01	9.624E-01	1.051E+00	2.172E+00	2.575E+00	2.630E+00	6.666E-02	9.603E-02	1.865E-01	2.894E-01	2.978E+00	1.625E-01	3.140E+00	3.477E+00	3.490E+00
2001-04-12	2.095E-01	1.033E-01	1.045E-01	5.457E-01	6.327E-03	2.629E-02	1.681E-01	8.781E-02	2.792E-01	2.807E-01	6.905E-01	9.610E-01	1.088E+00	2.134E+00	2.543E+00	2.644E+00	6.778E-02	1.149E-01	1.888E-01	3.507E-01	3.104E+00	2.595E-01	3.364E+00	3.467E+00	3.487E+00
2001-04-13	1.619E-01	1.039E-01	1.047E-01	4.552E-01	6.478E-03	2.068E-02	1.256E-01	6.436E-02	2.826E-01	2.837E-01	5.686E-01	9.645E-01	1.055E+00	2.102E+00	2.507E+00	2.578E+00	6.867E-02	1.020E-01	1.905E-01	3.138E-01	2.972E+00	1.964E-01	3.170E+00	3.455E+00	3.469E+00
2001-04-14	1.347E-01	1.031E-01	1.038E-01	3.914E-01	6.490E-03	1.805E-02	1.007E-01	5.294E-02	2.824E-01	2.834E-01	4.562E-01	9.410E-01	1.015E+00	2.036E+00	2.456E+00	2.514E+00	6.862E-02	9.556E-02	1.899E-01	2.900E-01	2.870E+00	1.573E-01	3.028E+00	3.402E+00	3.415E+00
2001-04-15	1.145E-01	1.020E-01	1.026E-01	3.450E-01	6.488E-03	1.597E-02	8.223E-02	4.418E-02	2.813E-01	2.821E-01	3.766E-01	9.041E-01	9.655E-01	1.958E+00	2.400E+00	2.449E+00	6.840E-02	9.047E-02	1.888E-01	2.720E-01	2.775E+00	1.293E-01	2.905E+00	3.335E+00	3.346E+00
2001-04-16	2.000E-01	1.015E-01	1.026E-01	5.185E-01	6.505E-03	2.669E-02	1.556E-01	8.576E-02	2.814E-01	2.828E-01	6.368E-01	8.915E-01	1.013E+00	1.918E+00	2.348E+00	2.442E+00	6.842E-02	1.128E-01	1.885E-01	3.467E-01	2.895E+00	2.535E-01	3.149E+00	3.293E+00	3.312E+00
2001-04-17	1.753E-01	1.014E-01	1.024E-01	4.784E-01	6.550E-03	2.285E-02	1.334E-01	7.080E-02	2.828E-01	2.840E-01	5.972E-01	9.006E-01	1.000E+00	1.907E+00	2.304E+00	2.384E+00	6.872E-02	1.057E-01	1.891E-01	3.279E-01	2.804E+00	2.206E-01	3.026E+00	3.270E+00	3.286E+00
2001-04-18	2.245E-01	1.018E-01	1.031E-01	5.752E-01	6.657E-03	2.903E-02	1.614E-01	8.761E-02	2.853E-01	2.868E-01	7.169E-01	9.186E-01	1.052E+00	1.914E+00	2.272E+00	2.390E+00	6.943E-02	1.204E-01	1.906E-01	3.832E-01	2.910E+00	3.010E-01	3.212E+00	3.267E+00	3.291E+00
2001-04-19	6.456E-01	1.073E-01	1.113E-01	1.501E+00	7.213E-03	8.258E-02	5.420E-01	2.828E-01	3.022E-01	3.071E-01	2.088E+00	1.094E+00	1.562E+00	2.163E+00	2.318E+00	2.741E+00	7.355E-02	2.476E-01	2.021E-01	8.095E-01	4.018E+00	1.012E+00	5.027E+00	3.496E+00	3.582E+00
2001-04-20	6.097E-01	1.153E-01	1.187E-01	1.476E+00	7.881E-03	7.457E-02	5.027E-01	2.547E-01	3.269E-01	3.307E-01	2.201E+00	1.417E+00	1.816E+00	2.609E+00	2.427E+00	2.775E+00	7.896E-02	2.293E-01	2.181E-01	7.956E-01	3.994E+00	9.482E-01	4.945E+00	3.859E+00	3.924E+00
2001-04-21	4.603E-01	1.197E-01	1.222E-01	1.160E+00	8.147E-03	5.708E-02	3.757E-01	1.882E-01	3.417E-01	3.446E-01	1.734E+00	1.643E+00	1.937E+00	2.933E+00	2.539E+00	2.794E+00	8.176E-02	1.919E-01	2.272E-01	6.612E-01	3.769E+00	7.128E-01	4.485E+00	4.068E+00	4.117E+00
2001-04-22	4.128E-01	1.227E-01	1.250E-01	1.034E+00	8.373E-03	5.112E-02	3.182E-01	1.655E-01	3.525E-01	3.552E-01	1.447E+00	1.738E+00	1.996E+00	3.135E+00	2.666E+00	2.893E+00	8.400E-02	1.826E-01	2.340E-01	6.166E-01	3.787E+00	6.131E-01	4.402E+00	4.184E+00	4.229E+00
2001-04-23	4.449E-01	1.260E-01	1.284E-01	1.087E+00	8.640E-03	5.410E-02	3.284E-01	1.768E-01	3.631E-01	3.659E-01	1.453E+00	1.785E+00	2.056E+00	3.302E+00	2.807E+00	3.046E+00	8.651E-02	1.928E-01	2.412E-01	6.496E-01	3.992E+00	6.410E-01	4.634E+00	4.298E+00	4.348E+00
2001-04-24	3.267E-01	1.280E-01	1.297E-01	8.441E-01	8.813E-03	3.965E-02	2.306E-01	1.229E-01	3.705E-01	3.724E-01	1.107E+00	1.775E+00	1.960E+00	3.384E+00	2.937E+00	3.099E+00	8.829E-02	1.611E-01	2.462E-01	5.408E-01	3.847E+00	4.549E-01	4.304E+00	4.369E+00	4.402E+00
2001-04-25	2.376E-01	1.281E-01	1.292E-01	6.402E-01	8.851E-03	2.975E-02	1.523E-01	8.548E-02	3.720E-01	3.735E-01	7.577E-01	1.680E+00	1.805E+00	3.323E+00	3.032E+00	3.141E+00	8.884E-02	1.390E-01	2.475E-01	4.548E-01	3.738E+00	3.075E-01	4.048E+00	4.351E+00	4.375E+00
2001-04-26	1.932E-01	1.272E-01	1.282E-01	5.332E-01	8.858E-03	2.498E-02	1.167E-01	6.880E-02	3.710E-01	3.722E-01	5.669E-01	1.546E+00	1.642E+00	3.184E+00	3.088E+00	3.170E+00	8.893E-02	1.278E-01	2.471E-01	4.066E-01	3.684E+00	2.283E-01	3.913E+00	4.294E+00	4.314E+00
2001-04-27	1.085E-01	1.254E-01	1.259E-01	3.562E-01	8.807E-03	1.608E-02	5.666E-02	3.464E-02	3.672E-01	3.679E-01	3.197E-01	1.394E+00	1.441E+00	2.983E+00	3.098E+00	3.136E+00	8.837E-02	1.058E-01	2.448E-01	3.269E-01	3.516E+00	1.151E-01	3.632E+00	4.201E+00	4.211E+00
2001-04-28	1.091E-01	1.231E-01	1.236E-01	3.425E-01	8.745E-03	1.663E-02	5.690E-02	3.689E-02	3.622E-01	3.629E-01	2.772E-01	1.251E+00	1.300E+00	2.765E+00	3.069E+00	3.110E+00	8.756E-02	1.067E-01	2.417E-01	3.223E-01	3.486E+00	1.062E-01	3.592E+00	4.094E+00	4.106E+00
2001-04-29	8.568E-02	1.208E-01	1.211E-01	2.940E-01	8.692E-03	1.458E-02	4.409E-02	2.821E-02	3.572E-01	3.578E-01	2.278E-01	1.131E+00	1.169E+00	2.560E+00	3.010E+00	3.043E+00	8.681E-02	1.016E-01	2.386E-01	2.991E-01	3.382E+00	8.344E-02	3.466E+00	3.993E+00	4.002E+00
2001-04-30	1.008E-01	1.187E-01	1.190E-01	3.185E-01	8.653E-03	1.640E-02	5.256E-02	3.418E-02	3.524E-01	3.531E-01	2.566E-01	1.036E+00	1.084E+00	2.380E+00	2.932E+00	2.976E+00	8.611E-02	1.050E-01	2.358E-01	3.112E-01	3.338E+00	1.056E-01	3.444E+00	3.900E+00	3.912E+00
2001-05-01	7.188E-02	1.163E-01	1.165E-01	2.600E-01	8.590E-03	1.321E-02	3.284E-02	2.201E-02	3.471E-01	3.476E-01	1.887E-01	9.554E-01	9.842E-01	2.213E+00	2.838E+00	2.865E+00	8.526E-02	9.683E-02	2.326E-01	2.835E-01	3.182E+00	6.763E-02	3.250E+00	3.802E+00	3.810E+00
2001-05-02	5.601E-02	1.134E-01	1.136E-01	2.231E-01	8.453E-03	1.190E-02	2.293E-02	1.688E-02	3.401E-01	3.406E-01	1.388E-01	8.777E-01	8.989E-01	2.046E+00	2.727E+00	2.748E+00	8.391E-02	9.247E-02	2.283E-01	2.666E-01	3.040E+00	4.827E-02	3.089E+00	3.683E+00	3.690E+00
2001-05-03	8.258E-02	1.114E-01	1.117E-01	2.790E-01	8.421E-03	1.585E-02	5.639E-02	3.229E-02	3.356E-01	3.364E-01	2.697E-01	8.259E-01	8.746E-01	1.917E+00	2.620E+00	2.659E+00	8.309E-02	9.882E-02	2.252E-01	2.850E-01	2.984E+00	9.836E-02	3.082E+00	3.582E+00	3.592E+00
2001-05-04	4.126E-02	1.093E-01	1.094E-01	1.947E-01	8.396E-03	1.066E-02	1.990E-02	1.211E-02	3.313E-01	3.316E-01	1.578E-01	7.835E-01	7.992E-01	1.800E+00	2.512E+00	2.524E+00	8.227E-02	8.675E-02	2.222E-01	2.473E-01	2.786E+00	3.796E-02	2.824E+00	3.475E+00	3.479E+00
2001-05-05	3.021E-02	1.065E-01	1.066E-01	1.606E-01	8.274E-03	9.630E-03	9.803E-03	8.318E-03	3.245E-01	3.248E-01	9.814E-02	7.310E-01	7.404E-01	1.672E+00	2.396E+00	2.406E+00	8.089E-02	8.246E-02	2.177E-01	2.301E-01	2.643E+00	1.913E-02	2.663E+00	3.344E+00	3.348E+00
2001-05-06	2.981E-02	1.039E-01	1.040E-01	1.575E-01	8.161E-03	9.038E-03	5.791E-03	7.449E-03	3.178E-01	3.182E-01	7.662E-02	6.812E-01	6.881E-01	1.554E+00	2.283E+00	2.294E+00	7.963E-02	8.205E-02	2.135E-01	2.275E-01	2.531E+00	1.334E-02	2.544E+00	3.215E+00	3.220E+00
2001-05-07	2.409E-02	1.012E-01	1.013E-01	1.453E-01	8.039E-03	8.588E-03	3.688E-03	5.854E-03	3.112E-01	3.115E-01	4.919E-02	6.354E-01	6.407E-01	1.448E+00	2.171E+00	2.180E+00	7.833E-02	7.966E-02	2.092E-01	2.196E-01	2.407E+00	9.349E-03	2.416E+00	3.089E+00	3.093E+00
2001-05-08	2.259E-02	9.848E-02	9.854E-02	1.394E-01	7.892E-03	8.420E-03	3.437E-03	5.581E-03	3.042E-01	3.044E-01	3.975E-02	5.932E-01	5.982E-01	1.351E+00	2.062E+00	2.070E+00	7.684E-02	7.811E-02	2.047E-01	2.142E-01	2.291E+00	8.643E-03	2.300E+00	2.963E+00	2.967E+00
2001-05-09	2.164E-02	9.569E-02	9.575E-02	1.348E-01	7.728E-03	8.248E-03	3.399E-03	5.375E-03	2.970E-01	2.973E-01	3.737E-02	5.557E-01	5.606E-01	1.262E+00	1.956E+00	1.964E+00	7.528E-02	7.653E-02	2.001E-01	2.093E-01	2.180E+00	8.426E-03	2.189E+00	2.840E+00	2.844E+00
2001-05-10	2.059E-02	9.298E-02	9.304E-02	1.303E-01	7.566E-03	8.077E-03	3.370E-03	5.140E-03	2.901E-01	2.904E-01	3.585E-02	5.231E-01	5.278E-01	1.183E+00	1.855E+00	1.863E+00	7.375E-02	7.498E-02	1.956E-01	2.044E-01	2.074E+00	8.218E-03	2.082E+00	2.721E+00	2.725E+00
2001-05-11	1.966E-02	9.044E-02	9.050E-02	1.261E-01	7.417E-03	7.919E-03	3.342E-03	4.934E-03	2.835E-01	2.838E-01	3.452E-02	4.948E-01	4.993E-01	1.112E+00	1.761E+00	1.769E+00	7.231E-02	7.352E-02	1.913E-01	1.998E-01	1.974E+00	8.030E-03	1.983E+00	2.608E+00	2.612E+00
2001-05-12	1.876E-02	8.797E-02	8.802E-02	1.220E-01	7.267E-03	7.760E-03	3.314E-03	4.736E-03	2.771E-01	2.773E-01	3.325E-02	4.697E-01	4.741E-01	1.048E+00	1.671E+00	1.679E+00	7.088E-02	7.207E-02	1.871E-01	1.953E-01	1.880E+00	7.848E-03	1.889E+00	2.499E+00	2.503E+00
2001-05-13	1.783E-02	8.551E-02	8.556E-02	1.180E-01	7.108E-03	7.593E-03	3.286E-03	4.528E-03	2.706E-01	2.708E-01	3.194E-02	4.470E-01	4.512E-01	9.890E-01	1.587E+00	1.595E+00	6.941E-02	7.059E-02	1.829E-01	1.908E-01	1.791E+00	7.660E-03	1.799E+00	2.394E+00	2.398E+00
2001-05-14	1.682E-02	8.316E-02	8.321E-02	1.138E-01	6.958E-03	7.434E-03	3.258E-03	4.303E-03	2.644E-01	2.646E-01	3.055E-02	4.268E-01	4.309E-01	9.359E-01	1.509E+00	1.516E+00	6.801E-02	6.917E-02	1.789E-01	1.864E-01	1.708E+00	7.461E-03	1.715E+00	2.295E+00	2.298E+00
2001-05-15	2.171E-02	8.114E-02	8.122E-02	1.222E-01	6.842E-03	7.900E-03	9.188E-03	7.090E-03	2.591E-01	2.593E-01	4.998E-02	4.108E-01	4.190E-01	8.908E-01	1.437E+00	1.447E+00	6.682E-02	6.940E-02	1.754E-01	1.865E-01	1.641E+00	1.396E-02	1.655E+00	2.203E+00	2.206E+00
2001-05-16	1.114E-01	8.116E-02	8.178E-02	3.065E-01	6.981E-03	1.774E-02	7.475E-02	4.523E-02	2.592E-01	2.601E-01	2.817E-01	4.192E-01	4.846E-01	8.873E-01	1.391E+00	1.453E+00	6.730E-02	9.346E-02	1.758E-01	2.667E-01	1.787E+00	1.383E-01	1.925E+00	2.164E+00	2.177E+00
2001-05-17	4.598E-02	8.147E-02	8.164E-02	1.863E-01	7.159E-03	1.035E-02	2.938E-02	1.561E-02	2.602E-01	2.605E-01	1.611E-01	4.341E-01	4.551E-01	8.928E-01	1.353E+00	1.375E+00	6.798E-02	7.577E-02	1.768E-01	2.119E-01	1.611E+00	5.772E-02	1.670E+00	2.133E+00	2.138E+00
2001-05-18	4.357E-02	8.034E-02	8.053E-02	1.695E-01	7.142E-03	1.032E-02	2.474E-02	1.532E-02	2.573E-01	2.576E-01	1.163E-01	4.316E-01	4.517E-01	8.727E-01	1.306E+00	1.327E+00	6.746E-02	7.555E-02	1.749E-01	2.067E-01	1.557E+00	4.506E-02	1.602E+00	2.069E+00	2.074E+00
2001-05-19	1.695E-02	7.882E-02	7.886E-02	1.141E-01	7.073E-03	7.612E-03	5.566E-03	4.085E-03	2.532E-01	2.533E-01	4.686E-02	4.204E-01	4.248E-01	8.440E-01	1.258E+00	1.266E+00	6.663E-02	6.809E-02	1.723E-01	1.819E-01	1.454E+00	1.192E-02	1.466E+00	1.996E+00	1.998E+00
2001-05-20	2.367E-02	7.706E-02	7.716E-02	1.221E-01	6.967E-03	8.367E-03	1.130E-02	8.028E-03	2.484E-01	2.486E-01	5.168E-02	4.054E-01	4.151E-01	8.113E-01	1.211E+00	1.222E+00	6.556E-02	6.908E-02	1.692E-01	1.828E-01	1.414E+00	1.733E-02	1.431E+00	1.919E+00	1.922E+00
2001-05-21	1.360E-02	7.540E-02	7.543E-02	1.017E-01	6.871E-03	7.333E-03	4.067E-03	3.432E-03	2.439E-01	2.440E-01	3.102E-02	3.910E-01	3.947E-01	7.805E-01	1.166E+00	1.173E+00	6.456E-02	6.575E-02	1.662E-01	1.731E-01	1.351E+00	8.012E-03	1.359E+00	1.848E+00	1.850E+00
2001-05-22	1.184E-02	7.357E-02	7.360E-02	9.532E-02	6.752E-03	7.173E-03	3.091E-03	3.065E-03	2.389E-01	2.390E-01	2.358E-02	3.757E-01	3.790E-01	7.483E-01	1.122E+00	1.129E+00	6.340E-02	6.445E-02	1.630E-01	1.688E-01	1.301E+00	6.370E-03	1.308E+00	1.777E+00	1.779E+00
2001-05-23	1.112E-02	7.171E-02	7.174E-02	9.204E-02	6.621E-03	7.035E-03	3.021E-03	2.912E-03	2.337E-01	2.339E-01	2.193E-02	3.608E-01	3.640E-01	7.173E-01	1.080E+00	1.086E+00	6.220E-02	6.323E-02	1.596E-01	1.651E-01	1.255E+00	6.141E-03	1.261E+00	1.709E+00	1.711E+00
2001-05-24	1.037E-02	6.987E-02	6.990E-02	8.889E-02	6.485E-03	6.892E-03	2.995E-03	2.747E-03	2.287E-01	2.288E-01	2.086E-02	3.471E-01	3.501E-01	6.879E-01	1.038E+00	1.044E+00	6.098E-02	6.199E-02	1.563E-01	1.616E-01	1.210E+00	5.983E-03	1.216E+00	1.645E+00	1.647E+00
2001-05-25	9.612E-03	6.816E-02	6.818E-02	8.585E-02	6.364E-03	6.763E-03	2.970E-03	2.582E-03	2.239E-01	2.240E-01	1.981E-02	3.346E-01	3.376E-01	6.608E-01	9.999E-01	1.006E+00	5.985E-02	6.085E-02	1.532E-01	1.582E-01	1.168E+00	5.826E-03	1.174E+00	1.586E+00	1.587E+00
2001-05-26	9.032E-03	6.652E-02	6.655E-02	8.317E-02	6.248E-03	6.641E-03	2.945E-03	2.456E-03	2.193E-01	2.194E-01	1.893E-02	3.232E-01	3.261E-01	6.355E-01	9.634E-01	9.693E-01	5.876E-02	5.975E-02	1.502E-01	1.550E-01	1.128E+00	5.714E-03	1.134E+00	1.530E+00	1.531E+00
2001-05-27	8.367E-03	6.484E-02	6.486E-02	8.037E-02	6.118E-03	6.505E-03	2.920E-03	2.316E-03	2.146E-01	2.146E-01	1.804E-02	3.122E-01	3.150E-01	6.111E-01	9.278E-01	9.336E-01	5.761E-02	5.859E-02	1.471E-01	1.517E-01	1.089E+00	5.600E-03	1.094E+00	1.475E+00	1.477E+00
2001-05-28	7.514E-02	6.440E-02	6.481E-02	2.097E-01	6.122E-03	1.247E-02	4.651E-02	2.937E-02	2.129E-01	2.134E-01	1.563E-01	3.132E-01	3.520E-01	6.069E-01	9.035E-01	9.421E-01	5.748E-02	7.478E-02	1.462E-01	2.025E-01	1.185E+00	7.923E-02	1.264E+00	1.446E+00	1.454E+00
2001-05-29	1.008E-01	6.567E-02	6.620E-02	2.736E-01	6.330E-03	1.492E-02	7.510E-02	4.223E-02	2.159E-01	2.166E-01	2.704E-01	3.333E-01	3.887E-01	6.308E-01	8.947E-01	9.428E-01	5.872E-02	8.109E-02	1.484E-01	2.225E-01	1.216E+00	1.089E-01	1.325E+00	1.448E+00	1.456E+00
2001-05-30	2.038E-02	6.583E-02	6.585E-02	1.165E-01	6.418E-03	7.124E-03	1.150E-02	4.772E-03	2.163E-01	2.164E-01	8.390E-02	3.444E-01	3.498E-01	6.385E-01	8.802E-01	8.885E-01	5.904E-02	6.134E-02	1.485E-01	1.622E-01	1.059E+00	2.018E-02	1.080E+00	1.428E+00	1.430E+00
2001-05-31	9.453E-03	6.435E-02	6.437E-02	8.281E-02	6.310E-03	6.685E-03	3.223E-03	2.414E-03	2.122E-01	2.122E-01	2.338E-02	3.350E-01	3.376E-01	6.191E-01	8.554E-01	8.608E-01	5.804E-02	5.901E-02	1.458E-01	1.506E-01	1.015E+00	6.093E-03	1.021E+00	1.382E+00	1.383E+00
2001-06-01	2.220E-02	6.305E-02	6.315E-02	1.055E-01	6.224E-03	7.980E-03	1.068E-02	7.655E-03	2.084E-01	2.085E-01	4.472E-02	3.247E-01	3.351E-01	6.020E-01	8.327E-01	8.458E-01	5.719E-02	6.153E-02	1.435E-01	1.600E-01	1.018E+00	2.248E-02	1.040E+00	1.341E+00	1.344E+00
2001-06-02	1.032E-02	6.178E-02	6.181E-02	8.230E-02	6.135E-03	6.606E-03	4.111E-03	2.760E-03	2.047E-01	2.048E-01	2.412E-02	3.151E-01	3.184E-01	5.855E-01	8.106E-01	8.167E-01	5.634E-02	5.767E-02	1.412E-01	1.473E-01	9.683E-01	8.113E-03	9.766E-01	1.302E+00	1.303E+00
2001-06-03	7.785E-03	6.034E-02	6.036E-02	7.480E-02	6.020E-03	6.409E-03	2.972E-03	2.112E-03	2.006E-01	2.006E-01	1.616E-02	3.040E-01	3.068E-01	5.661E-01	7.875E-01	7.929E-01	5.531E-02	5.636E-02	1.385E-01	1.427E-01	9.388E-01	5.476E-03	9.444E-01	1.260E+00	1.262E+00
2001-06-04	1.114E-02	5.898E-02	5.903E-02	8.064E-02	5.910E-03	6.684E-03	6.913E-03	4.149E-03	1.967E-01	1.968E-01	2.710E-02	2.942E-01	2.996E-01	5.482E-01	7.653E-01	7.726E-01	5.434E-02	5.640E-02	1.359E-01	1.429E-01	9.205E-01	9.600E-03	9.302E-01	1.222E+00	1.223E+00
2001-06-05	6.270E-03	5.762E-02	5.764E-02	7.068E-02	5.798E-03	6.165E-03	3.218E-03	1.984E-03	1.928E-01	1.929E-01	1.800E-02	2.850E-01	2.877E-01	5.309E-01	7.435E-01	7.488E-01	5.336E-02	5.431E-02	1.333E-01	1.375E-01	8.894E-01	5.723E-03	8.952E-01	1.185E+00	1.186E+00
2001-06-06	5.595E-03	5.623E-02	5.625E-02	6.743E-02	5.679E-03	6.028E-03	2.707E-03	1.852E-03	1.888E-01	1.889E-01	1.464E-02	2.756E-01	2.781E-01	5.132E-01	7.218E-01	7.270E-01	5.233E-02	5.321E-02	1.307E-01	1.344E-01	8.642E-01	5.036E-03	8.693E-01	1.149E+00	1.150E+00
2001-06-07	7.606E-02	5.607E-02	5.650E-02	2.063E-01	5.714E-03	1.299E-02	4.796E-02	3.091E-02	1.879E-01	1.884E-01	1.644E-01	2.784E-01	3.210E-01	5.155E-01	7.105E-01	7.524E-01	5.235E-02	7.051E-02	1.303E-01	1.921E-01	9.896E-01	9.093E-02	1.080E+00	1.138E+00	1.146E+00
2001-06-08	1.374E-02	5.595E-02	5.597E-02	9.254E-02	5.755E-03	6.354E-03	8.198E-03	3.357E-03	1.872E-01	1.872E-01	5.785E-02	2.830E-01	2.874E-01	5.193E-01	7.005E-01	7.080E-01	5.241E-02	5.424E-02	1.301E-01	1.417E-01	8.573E-01	1.799E-02	8.760E-01	1.128E+00	1.129E+00
2001-06-09	9.279E-03	5.478E-02	5.483E-02	7.589E-02	5.665E-03	6.592E-03	8.094E-03	4.077E-03	1.839E-01	1.840E-01	3.761E-02	2.772E-01	2.836E-01	5.063E-01	6.837E-01	6.912E-01	5.154E-02	5.349E-02	1.279E-01	1.349E-01	8.313E-01	1.257E-02	8.440E-01	1.098E+00	1.099E+00
2001-06-10	6.283E-03	5.364E-02	5.367E-02	6.677E-02	5.578E-03	5.958E-03	3.375E-03	2.066E-03	1.807E-01	1.807E-01	1.985E-02	2.699E-01	2.726E-01	4.925E-01	6.672E-01	6.724E-01	5.071E-02	5.172E-02	1.257E-01	1.299E-01	8.052E-01	5.984E-03	8.113E-01	1.068E+00	1.069E+00
2001-06-11	1.326E-02	5.257E-02	5.263E-02	7.784E-02	5.494E-03	6.532E-03	7.143E-03	4.403E-03	1.775E-01	1.776E-01	3.050E-02	2.627E-01	2.688E-01	4.796E-01	6.515E-01	6.606E-01	4.994E-02	5.255E-02	1.237E-01	1.346E-01	8.032E-01	1.403E-02	8.173E-01	1.041E+00	1.043E+00
2001-06-12	7.620E-03	5.153E-02	5.155E-02	6.805E-02	5.415E-03	6.085E-03	4.024E-03	2.417E-03	1.744E-01	1.745E-01	2.412E-02	2.562E-01	2.602E-01	4.677E-01	6.364E-01	6.433E-01	4.919E-02	5.060E-02	1.217E-01	1.286E-01	7.773E-01	1.114E-02	7.886E-01	1.016E+00	1.017E+00
2001-06-13	5.484E-03	5.035E-02	5.037E-02	6.162E-02	5.314E-03	5.655E-03	2.667E-03	1.781E-03	1.710E-01	1.710E-01	1.569E-02	2.488E-01	2.512E-01	4.542E-01	6.203E-01	6.253E-01	4.830E-02	4.916E-02	1.195E-01	1.234E-01	7.515E-01	5.553E-03	7.572E-01	9.888E-01	9.899E-01
2001-06-14	5.251E-03	4.916E-02	4.918E-02	5.960E-02	5.204E-03	5.530E-03	2.514E-03	1.739E-03	1.675E-01	1.676E-01	1.361E-02	2.412E-01	2.435E-01	4.404E-01	6.041E-01	6.090E-01	4.738E-02	4.820E-02	1.172E-01	1.207E-01	7.321E-01	4.722E-03	7.369E-01	9.615E-01	9.626E-01
2001-06-15	5.205E-03	4.800E-02	4.802E-02	5.831E-02	5.094E-03	5.417E-03	2.488E-03	1.725E-03	1.641E-01	1.642E-01	1.332E-02	2.340E-01	2.363E-01	4.271E-01	5.882E-01	5.931E-01	4.647E-02	4.729E-02	1.149E-01	1.184E-01	7.139E-01	4.640E-03	7.186E-01	9.353E-01	9.363E-01
2001-06-16	4.819E-02	4.754E-02	4.780E-02	1.389E-01	5.057E-03	8.716E-03	2.528E-02	1.800E-02	1.623E-01	1.626E-01	8.180E-02	2.323E-01	2.540E-01	4.235E-01	5.774E-01	6.005E-01	4.617E-02	5.699E-02	1.139E-01	1.488E-01	7.732E-01	4.264E-02	8.157E-01	9.203E-01	9.245E-01
2001-06-17	1.079E-02	4.714E-02	4.716E-02	7.348E-02	5.027E-03	5.501E-03	5.407E-03	2.755E-03	1.607E-01	1.607E-01	3.355E-02	2.316E-01	2.350E-01	4.209E-01	5.674E-01	5.735E-01	4.592E-02	4.743E-02	1.130E-01	1.210E-01	6.996E-01	1.051E-02	7.104E-01	9.066E-01	9.074E-01
2001-06-18	1.817E-02	4.630E-02	4.641E-02	8.638E-02	4.962E-03	7.012E-03	1.679E-02	8.884E-03	1.583E-01	1.585E-01	6.415E-02	2.291E-01	2.426E-01	4.139E-01	5.555E-01	5.683E-01	4.525E-02	4.963E-02	1.113E-01	1.255E-01	7.039E-01	2.546E-02	7.294E-01	8.877E-01	8.902E-01
2001-06-19	1.661E-02	4.556E-02	4.564E-02	7.860E-02	4.896E-03	5.849E-03	1.084E-02	6.323E-03	1.561E-01	1.563E-01	4.322E-02	2.272E-01	2.341E-01	4.079E-01	5.441E-01	5.519E-01	4.464E-02	4.751E-02	1.097E-01	1.192E-01	6.770E-01	1.325E-02	6.904E-01	8.695E-01	8.708E-01
2001-06-20	1.826E-02	4.474E-02	4.483E-02	8.229E-02	4.810E-03	6.361E-03	1.222E-02	7.056E-03	1.536E-01	1.538E-01	4.780E-02	2.239E-01	2.336E-01	4.008E-01	5.324E-01	5.439E-01	4.397E-02	4.779E-02	1.079E-01	1.222E-01	6.764E-01	2.062E-02	6.971E-01	8.509E-01	8.531E-01
2001-06-21	4.537E-02	4.437E-02	4.461E-02	1.380E-01	4.808E-03	9.638E-03	2.682E-02	1.684E-02	1.523E-01	1.526E-01	1.148E-01	2.259E-01	2.530E-01	4.026E-01	5.260E-01	5.569E-01	4.377E-02	5.505E-02	1.074E-01	1.519E-01	7.437E-01	6.822E-02	8.118E-01	8.465E-01	8.531E-01
2001-06-22	6.566E-02	4.475E-02	4.513E-02	1.864E-01	4.918E-03	1.172E-02	5.539E-02	2.914E-02	1.534E-01	1.539E-01	2.211E-01	2.387E-01	2.832E-01	4.185E-01	5.262E-01	5.639E-01	4.420E-02	6.013E-02	1.083E-01	1.629E-01	7.654E-01	9.074E-02	8.562E-01	8.559E-01	8.627E-01
2001-06-23	1.168E-02	4.456E-02	4.458E-02	7.680E-02	4.932E-03	5.472E-03	8.607E-03	3.047E-03	1.529E-01	1.530E-01	6.805E-02	2.460E-01	2.503E-01	4.244E-01	5.220E-01	5.287E-01	4.406E-02	4.566E-02	1.078E-01	1.176E-01	6.527E-01	1.657E-02	6.699E-01	8.504E-01	8.513E-01
2001-06-24	5.162E-03	4.341E-02	4.343E-02	5.469E-02	4.805E-03	5.109E-03	2.586E-03	1.635E-03	1.496E-01	1.497E-01	1.810E-02	2.392E-01	2.413E-01	4.130E-01	5.109E-01	5.156E-01	4.311E-02	4.389E-02	1.055E-01	1.091E-01	6.271E-01	4.982E-03	6.322E-01	8.274E-01	8.283E-01
2001-06-25	6.995E-03	4.230E-02	4.233E-02	5.748E-02	4.687E-03	5.510E-03	4.973E-03	2.801E-03	1.464E-01	1.465E-01	2.617E-02	2.309E-01	2.360E-01	4.015E-01	5.001E-01	5.072E-01	4.218E-02	4.369E-02	1.033E-01	1.094E-01	6.215E-01	1.187E-02	6.333E-01	8.055E-01	8.070E-01
2001-06-26	5.051E-03	4.121E-02	4.123E-02	5.170E-02	4.569E-03	4.885E-03	2.596E-03	1.647E-03	1.432E-01	1.432E-01	1.622E-02	2.231E-01	2.254E-01	3.903E-01	4.893E-01	4.940E-01	4.126E-02	4.205E-02	1.011E-01	1.047E-01	6.012E-01	5.389E-03	6.067E-01	7.846E-01	7.855E-01
2001-06-27	4.774E-03	4.008E-02	4.010E-02	4.958E-02	4.438E-03	4.732E-03	2.263E-03	1.572E-03	1.399E-01	1.399E-01	1.258E-02	2.149E-01	2.170E-01	3.781E-01	4.779E-01	4.824E-01	4.030E-02	4.104E-02	9.885E-02	1.020E-01	5.866E-01	4.267E-03	5.909E-01	7.629E-01	7.638E-01
2001-06-28	1.435E-02	3.909E-02	3.915E-02	6.624E-02	4.321E-03	5.419E-03	7.310E-03	4.597E-03	1.368E-01	1.369E-01	3.060E-02	2.081E-01	2.148E-01	3.681E-01	4.673E-01	4.766E-01	3.947E-02	4.251E-02	9.683E-02	1.079E-01	5.923E-01	1.436E-02	6.066E-01	7.442E-01	7.458E-01
2001-06-29	5.821E-03	3.813E-02	3.815E-02	5.074E-02	4.209E-03	4.527E-03	2.834E-03	1.707E-03	1.339E-01	1.340E-01	1.738E-02	2.020E-01	2.043E-01	3.585E-01	4.570E-01	4.618E-01	3.866E-02	3.952E-02	9.488E-02	9.909E-02	5.636E-01	5.683E-03	5.695E-01	7.264E-01	7.272E-01
2001-06-30	5.729E-02	3.789E-02	3.824E-02	1.557E-01	4.191E-03	1.002E-02	4.797E-02	2.701E-02	1.331E-01	1.336E-01	1.656E-01	2.049E-01	2.428E-01	3.609E-01	4.519E-01	4.834E-01	3.841E-02	5.246E-02	9.417E-02	1.368E-01	6.497E-01	6.957E-02	7.190E-01	7.202E-01	7.260E-01
2001-07-01	3.226E-02	3.795E-02	3.808E-02	1.082E-01	4.217E-03	6.730E-03	1.678E-02	9.722E-03	1.331E-01	1.333E-01	8.805E-02	2.115E-01	2.254E-01	3.688E-01	4.499E-01	4.691E-01	3.848E-02	4.537E-02	9.419E-02	1.240E-01	6.155E-01	4.136E-02	6.572E-01	7.215E-01	7.251E-01
2001-07-02	7.376E-03	3.725E-02	3.727E-02	5.545E-02	4.142E-03	4.501E-03	3.512E-03	1.899E-03	1.308E-01	1.309E-01	2.561E-02	2.085E-01	2.110E-01	3.638E-01	4.431E-01	4.484E-01	3.792E-02	3.896E-02	9.285E-02	9.909E-02	5.517E-01	8.753E-03	5.607E-01	7.106E-01	7.114E-01
2001-07-03	4.673E-03	3.627E-02	3.629E-02	4.591E-02	4.025E-03	4.305E-03	2.192E-03	1.507E-03	1.279E-01	1.280E-01	1.280E-02	2.012E-01	2.032E-01	3.532E-01	4.337E-01	4.382E-01	3.707E-02	3.778E-02	9.082E-02	9.399E-02	5.343E-01	4.248E-03	5.386E-01	6.923E-01	6.931E-01
2001-07-04	4.526E-03	3.526E-02	3.528E-02	4.423E-02	3.902E-03	4.178E-03	2.120E-03	1.488E-03	1.249E-01	1.249E-01	1.158E-02	1.937E-01	1.956E-01	3.420E-01	4.240E-01	4.284E-01	3.618E-02	3.688E-02	8.872E-02	9.172E-02	5.221E-01	3.972E-03	5.261E-01	6.738E-01	6.745E-01
2001-07-05	4.491E-03	3.425E-02	3.427E-02	4.313E-02	3.776E-03	4.051E-03	2.101E-03	1.477E-03	1.218E-01	1.219E-01	1.145E-02	1.864E-01	1.884E-01	3.310E-01	4.140E-01	4.184E-01	3.529E-02	3.598E-02	8.662E-02	8.960E-02	5.100E-01	3.934E-03	5.139E-01	6.556E-01	6.564E-01
2001-07-06	4.458E-03	3.326E-02	3.328E-02	4.207E-02	3.651E-03	3.924E-03	2.084E-03	1.465E-03	1.189E-01	1.189E-01	1.136E-02	1.796E-01	1.815E-01	3.203E-01	4.040E-01	4.084E-01	3.440E-02	3.509E-02	8.454E-02	8.750E-02	4.978E-01	3.901E-03	5.018E-01	6.381E-01	6.388E-01
2001-07-07	4.425E-03	3.228E-02	3.230E-02	4.102E-02	3.527E-03	3.797E-03	2.066E-03	1.454E-03	1.159E-01	1.160E-01	1.128E-02	1.731E-01	1.750E-01	3.099E-01	3.939E-01	3.983E-01	3.352E-02	3.420E-02	8.248E-02	8.541E-02	4.857E-01	3.869E-03	4.896E-01	6.210E-01	6.217E-01
2001-07-08	4.392E-03	3.132E-02	3.134E-02	4.000E-02	3.403E-03	3.671E-03	2.049E-03	1.443E-03	1.130E-01	1.130E-01	1.120E-02	1.669E-01	1.688E-01	2.997E-01	3.839E-01	3.883E-01	3.265E-02	3.333E-02	8.044E-02	8.335E-02	4.735E-01	3.838E-03	4.774E-01	6.044E-01	6.052E-01
2001-07-09	2.361E-02	3.064E-02	3.076E-02	7.574E-02	3.311E-03	5.135E-03	1.372E-02	8.922E-03	1.108E-01	1.109E-01	4.423E-02	1.632E-01	1.743E-01	2.935E-01	3.757E-01	3.889E-01	3.202E-02	3.724E-02	7.892E-02	9.564E-02	4.960E-01	2.247E-02	5.184E-01	5.922E-01	5.944E-01
2001-07-10	7.933E-03	3.004E-02	3.007E-02	4.834E-02	3.233E-03	3.732E-03	4.916E-03	2.546E-03	1.088E-01	1.089E-01	2.692E-02	1.606E-01	1.641E-01	2.884E-01	3.683E-01	3.739E-01	3.147E-02	3.276E-02	7.757E-02	8.315E-02	4.606E-01	8.490E-03	4.693E-01	5.814E-01	5.822E-01
2001-07-11	4.097E-02	2.973E-02	2.996E-02	1.130E-01	3.205E-03	7.381E-03	2.933E-02	1.650E-02	1.078E-01	1.081E-01	1.085E-01	1.618E-01	1.869E-01	2.888E-01	3.639E-01	3.892E-01	3.121E-02	4.130E-02	7.689E-02	1.117E-01	5.261E-01	5.313E-02	5.791E-01	5.773E-01	5.822E-01
2001-07-12	4.410E-02	2.984E-02	3.003E-02	1.154E-01	3.224E-03	6.119E-03	2.116E-02	1.332E-02	1.076E-01	1.078E-01	9.347E-02	1.666E-01	1.838E-01	2.950E-01	3.627E-01	3.837E-01	3.137E-02	4.040E-02	7.709E-02	1.121E-01	5.203E-01	4.336E-02	5.638E-01	5.805E-01	5.840E-01
2001-07-13	4.084E-02	2.991E-02	3.011E-02	1.152E-01	3.240E-03	6.936E-03	2.204E-02	1.372E-02	1.073E-01	1.075E-01	9.454E-02	1.705E-01	1.910E-01	3.007E-01	3.620E-01	3.872E-01	3.154E-02	4.103E-02	7.731E-02	1.154E-01	5.313E-01	5.350E-02	5.849E-01	5.844E-01	5.892E-01
2001-07-14	2.655E-02	2.981E-02	2.992E-02	8.714E-02	3.246E-03	5.540E-03	1.610E-02	8.862E-03	1.067E-01	1.069E-01	7.780E-02	1.730E-01	1.869E-01	3.045E-01	3.608E-01	3.772E-01	3.152E-02	3.734E-02	7.720E-02	1.016E-01	4.967E-01	3.613E-02	5.331E-01	5.858E-01	5.887E-01
2001-07-15	1.276E-02	2.937E-02	2.942E-02	5.712E-02	3.196E-03	3.942E-03	6.394E-03	4.323E-03	1.052E-01	1.053E-01	3.206E-02	1.714E-01	1.763E-01	3.017E-01	3.565E-01	3.636E-01	3.114E-02	3.348E-02	7.624E-02	8.543E-02	4.550E-01	1.194E-02	4.671E-01	5.781E-01	5.790E-01
2001-07-16	2.523E-02	2.900E-02	2.914E-02	8.118E-02	3.155E-03	5.660E-03	1.785E-02	1.033E-02	1.040E-01	1.042E-01	7.007E-02	1.699E-01	1.853E-01	2.993E-01	3.527E-01	3.684E-01	3.079E-02	3.665E-02	7.537E-02	9.573E-02	4.786E-01	3.229E-02	5.109E-01	5.705E-01	5.735E-01
2001-07-17	2.412E-02	2.882E-02	2.893E-02	7.943E-02	3.143E-03	5.135E-03	1.478E-02	8.955E-03	1.033E-01	1.034E-01	6.474E-02	1.704E-01	1.825E-01	2.999E-01	3.505E-01	3.645E-01	3.062E-02	3.593E-02	7.490E-02	9.421E-02	4.724E-01	2.822E-02	5.007E-01	5.666E-01	5.690E-01
2001-07-18	5.322E-02	2.894E-02	2.923E-02	1.397E-01	3.177E-03	8.580E-03	3.698E-02	2.107E-02	1.034E-01	1.038E-01	1.472E-01	1.752E-01	2.078E-01	3.068E-01	3.514E-01	3.842E-01	3.077E-02	4.392E-02	7.516E-02	1.226E-01	5.418E-01	7.175E-02	6.134E-01	5.705E-01	5.768E-01
2001-07-19	2.064E-02	2.895E-02	2.902E-02	7.679E-02	3.200E-03	4.804E-03	1.314E-02	6.435E-03	1.033E-01	1.034E-01	7.385E-02	1.796E-01	1.894E-01	3.126E-01	3.519E-01	3.646E-01	3.083E-02	3.492E-02	7.526E-02	9.523E-02	4.744E-01	2.869E-02	5.035E-01	5.735E-01	5.755E-01
2001-07-20	1.130E-02	2.844E-02	2.850E-02	5.656E-02	3.152E-03	4.674E-03	1.246E-02	5.120E-03	1.019E-01	1.020E-01	6.671E-02	1.785E-01	1.891E-01	3.097E-01	3.485E-01	3.589E-01	3.038E-02	3.313E-02	7.424E-02	8.535E-02	4.525E-01	2.440E-02	4.770E-01	5.662E-01	5.683E-01
2001-07-21	5.637E-02	2.840E-02	2.871E-02	1.413E-01	3.164E-03	8.528E-03	3.840E-02	2.206E-02	1.017E-01	1.020E-01	1.406E-01	1.819E-01	2.142E-01	3.146E-01	3.488E-01	3.807E-01	3.036E-02	4.394E-02	7.414E-02	1.207E-01	5.351E-01	6.870E-02	6.036E-01	5.671E-01	5.730E-01
2001-07-22	1.004E-02	2.829E-02	2.830E-02	5.515E-02	3.157E-03	3.584E-03	6.213E-03	2.384E-03	1.011E-01	1.012E-01	4.543E-02	1.835E-01	1.868E-01	3.174E-01	3.482E-01	3.542E-01	3.028E-02	3.160E-02	7.386E-02	8.238E-02	4.420E-01	1.306E-02	4.555E-01	5.656E-01	5.663E-01
2001-07-23	4.199E-03	2.757E-02	2.758E-02	3.673E-02	3.065E-03	3.304E-03	2.002E-03	1.305E-03	9.898E-02	9.902E-02	1.364E-02	1.773E-01	1.790E-01	3.089E-01	3.429E-01	3.470E-01	2.960E-02	3.021E-02	7.229E-02	7.516E-02	4.241E-01	3.932E-03	4.281E-01	5.522E-01	5.529E-01
2001-07-24	3.918E-03	2.684E-02	2.686E-02	3.496E-02	2.973E-03	3.261E-03	2.620E-03	1.600E-03	9.679E-02	9.684E-02	1.249E-02	1.702E-01	1.723E-01	2.995E-01	3.373E-01	3.413E-01	2.892E-02	2.951E-02	7.070E-02	7.325E-02	4.162E-01	3.520E-03	4.198E-01	5.384E-01	5.391E-01
2001-07-25	3.877E-03	2.612E-02	2.613E-02	3.381E-02	2.880E-03	3.114E-03	1.877E-03	1.282E-03	9.462E-02	9.466E-02	1.056E-02	1.634E-01	1.650E-01	2.903E-01	3.314E-01	3.354E-01	2.824E-02	2.882E-02	6.912E-02	7.165E-02	4.087E-01	3.358E-03	4.121E-01	5.251E-01	5.257E-01
2001-07-26	3.848E-03	2.540E-02	2.541E-02	3.297E-02	2.786E-03	3.017E-03	1.765E-03	1.255E-03	9.244E-02	9.248E-02	9.862E-03	1.568E-01	1.585E-01	2.811E-01	3.252E-01	3.293E-01	2.756E-02	2.814E-02	6.755E-02	7.006E-02	4.009E-01	3.310E-03	4.043E-01	5.122E-01	5.128E-01
2001-07-27	3.820E-03	2.471E-02	2.472E-02	3.222E-02	2.696E-03	2.924E-03	1.746E-03	1.245E-03	9.031E-02	9.036E-02	9.720E-03	1.508E-01	1.524E-01	2.723E-01	3.190E-01	3.230E-01	2.690E-02	2.748E-02	6.602E-02	6.850E-02	3.931E-01	3.282E-03	3.964E-01	4.998E-01	5.004E-01
2001-07-28	3.792E-03	2.402E-02	2.403E-02	3.148E-02	2.606E-03	2.832E-03	1.731E-03	1.236E-03	8.822E-02	8.826E-02	9.644E-03	1.450E-01	1.467E-01	2.636E-01	3.126E-01	3.167E-01	2.625E-02	2.682E-02	6.451E-02	6.697E-02	3.852E-01	3.255E-03	3.885E-01	4.878E-01	4.884E-01
2001-07-29	3.764E-03	2.334E-02	2.336E-02	3.074E-02	2.516E-03	2.740E-03	1.716E-03	1.226E-03	8.613E-02	8.617E-02	9.646E-03	1.396E-01	1.412E-01	2.552E-01	3.061E-01	3.101E-01	2.560E-02	2.617E-02	6.300E-02	6.545E-02	3.772E-01	3.228E-03	3.804E-01	4.761E-01	4.767E-01
2001-07-30	4.814E-03	2.272E-02	2.274E-02	3.219E-02	2.433E-03	2.738E-03	2.449E-03	1.701E-03	8.419E-02	8.424E-02	1.190E-02	1.348E-01	1.369E-01	2.473E-01	2.998E-01	3.042E-01	2.499E-02	2.581E-02	6.159E-02	6.458E-02	3.707E-01	3.861E-03	3.745E-01	4.652E-01	4.657E-01
2001-07-31	3.835E-03	2.216E-02	2.217E-02	2.983E-02	2.361E-03	2.584E-03	1.779E-03	1.233E-03	8.243E-02	8.247E-02	1.013E-02	1.305E-01	1.320E-01	2.402E-01	2.940E-01	2.980E-01	2.445E-02	2.502E-02	6.032E-02	6.279E-02	3.624E-01	3.276E-03	3.657E-01	4.552E-01	4.557E-01
2001-08-01	3.688E-03	2.162E-02	2.164E-02	2.888E-02	2.293E-03	2.512E-03	1.678E-03	1.198E-03	8.075E-02	8.079E-02	9.436E-03	1.264E-01	1.279E-01	2.333E-01	2.883E-01	2.923E-01	2.394E-02	2.449E-02	5.911E-02	6.148E-02	3.553E-01	3.155E-03	3.585E-01	4.457E-01	4.462E-01
2001-08-02	3.655E-03	2.110E-02	2.112E-02	2.827E-02	2.228E-03	2.445E-03	1.659E-03	1.189E-03	7.912E-02	7.916E-02	9.297E-03	1.225E-01	1.240E-01	2.266E-01	2.826E-01	2.866E-01	2.345E-02	2.399E-02	5.794E-02	6.028E-02	3.484E-01	3.123E-03	3.515E-01	4.366E-01	4.371E-01
2001-08-03	4.306E-02	2.106E-02	2.135E-02	1.156E-01	2.237E-03	7.752E-03	4.604E-02	2.279E-02	7.914E-02	7.957E-02	1.653E-01	1.264E-01	1.628E-01	2.300E-01	2.812E-01	3.105E-01	2.335E-02	3.481E-02	5.773E-02	9.337E-02	4.295E-01	6.909E-02	4.984E-01	4.373E-01	4.430E-01
2001-08-04	5.355E-02	2.148E-02	2.177E-02	1.362E-01	2.307E-03	7.416E-03	4.237E-02	2.233E-02	8.053E-02	8.090E-02	1.757E-01	1.378E-01	1.703E-01	2.429E-01	2.837E-01	3.142E-01	2.367E-02	3.625E-02	5.847E-02	1.035E-01	4.501E-01	7.143E-02	5.217E-01	4.477E-01	4.533E-01
2001-08-05	3.739E-02	2.173E-02	2.192E-02	1.073E-01	2.351E-03	6.315E-03	3.149E-02	1.525E-02	8.127E-02	8.154E-02	1.429E-01	1.472E-01	1.721E-01	2.534E-01	2.856E-01	3.105E-01	2.388E-02	3.289E-02	5.897E-02	9.418E-02	4.308E-01	5.940E-02	4.904E-01	4.563E-01	4.609E-01
2001-08-06	7.333E-02	2.222E-02	2.264E-02	1.784E-01	2.440E-03	1.028E-02	5.622E-02	3.103E-02	8.276E-02	8.329E-02	2.223E-01	1.593E-01	2.068E-01	2.693E-01	2.906E-01	3.356E-01	2.435E-02	4.280E-02	6.007E-02	1.256E-01	5.102E-01	1.061E-01	6.162E-01	4.710E-01	4.799E-01
2001-08-07	2.163E-02	2.254E-02	2.262E-02	7.773E-02	2.503E-03	4.415E-03	1.770E-02	7.607E-03	8.370E-02	8.383E-02	1.035E-01	1.686E-01	1.811E-01	2.816E-01	2.945E-01	3.085E-01	2.465E-02	2.906E-02	6.077E-02	8.133E-02	4.046E-01	3.801E-02	4.432E-01	4.812E-01	4.835E-01
2001-08-08	5.517E-02	2.271E-02	2.303E-02	1.391E-01	2.542E-03	8.437E-03	4.273E-02	2.351E-02	8.416E-02	8.457E-02	1.706E-01	1.747E-01	2.111E-01	2.901E-01	2.974E-01	3.315E-01	2.479E-02	3.863E-02	6.109E-02	1.089E-01	4.753E-01	7.820E-02	5.534E-01	4.868E-01	4.934E-01
2001-08-09	1.939E-02	2.286E-02	2.293E-02	6.867E-02	2.574E-03	3.866E-03	1.391E-02	6.474E-03	8.453E-02	8.464E-02	7.839E-02	1.792E-01	1.882E-01	2.973E-01	3.002E-01	3.109E-01	2.493E-02	2.867E-02	6.137E-02	7.776E-02	3.998E-01	2.458E-02	4.248E-01	4.906E-01	4.921E-01
2001-08-10	6.397E-03	2.247E-02	2.249E-02	3.741E-02	2.523E-03	2.929E-03	3.306E-03	1.874E-03	8.327E-02	8.332E-02	2.321E-02	1.747E-01	1.773E-01	2.927E-01	2.984E-01	3.036E-01	2.456E-02	2.565E-02	6.048E-02	6.552E-02	3.725E-01	7.273E-03	3.799E-01	4.826E-01	4.833E-01
2001-08-11	2.283E-02	2.218E-02	2.229E-02	6.597E-02	2.487E-03	4.356E-03	1.037E-02	7.707E-03	8.218E-02	8.231E-02	4.000E-02	1.694E-01	1.797E-01	2.888E-01	2.973E-01	3.112E-01	2.430E-02	2.949E-02	5.982E-02	7.934E-02	4.053E-01	2.502E-02	4.303E-01	4.768E-01	4.794E-01
2001-08-12	2.512E-02	2.210E-02	2.223E-02	7.554E-02	2.484E-03	4.913E-03	1.788E-02	9.959E-03	8.174E-02	8.192E-02	7.291E-02	1.675E-01	1.826E-01	2.893E-01	2.981E-01	3.140E-01	2.426E-02	3.007E-02	5.964E-02	8.105E-02	4.105E-01	3.384E-02	4.444E-01	4.758E-01	4.787E-01
2001-08-13	8.186E-03	2.184E-02	2.187E-02	4.139E-02	2.458E-03	3.072E-03	6.044E-03	2.572E-03	8.090E-02	8.096E-02	3.442E-02	1.647E-01	1.692E-01	2.869E-01	2.972E-01	3.033E-01	2.401E-02	2.544E-02	5.904E-02	6.561E-02	3.732E-01	1.011E-02	3.835E-01	4.712E-01	4.719E-01
2001-08-14	1.099E-02	2.142E-02	2.148E-02	4.439E-02	2.405E-03	3.421E-03	7.694E-03	4.398E-03	7.959E-02	7.968E-02	3.306E-02	1.599E-01	1.663E-01	2.811E-01	2.947E-01	3.027E-01	2.360E-02	2.599E-02	5.809E-02	6.685E-02	3.757E-01	1.311E-02	3.888E-01	4.631E-01	4.644E-01
2001-08-15	4.999E-03	2.095E-02	2.097E-02	3.168E-02	2.342E-03	2.616E-03	2.567E-03	1.427E-03	7.811E-02	7.815E-02	1.647E-02	1.543E-01	1.562E-01	2.743E-01	2.915E-01	2.958E-01	2.315E-02	2.392E-02	5.702E-02	6.058E-02	3.586E-01	4.596E-03	3.633E-01	4.543E-01	4.549E-01
2001-08-16	3.431E-03	2.036E-02	2.038E-02	2.730E-02	2.261E-03	2.456E-03	1.550E-03	1.080E-03	7.629E-02	7.633E-02	9.533E-03	1.476E-01	1.490E-01	2.655E-01	2.870E-01	2.908E-01	2.258E-02	2.308E-02	5.571E-02	5.796E-02	3.502E-01	2.912E-03	3.531E-01	4.437E-01	4.442E-01
2001-08-17	3.280E-03	1.980E-02	1.981E-02	2.625E-02	2.183E-03	2.375E-03	1.465E-03	1.059E-03	7.453E-02	7.457E-02	8.404E-03	1.412E-01	1.426E-01	2.569E-01	2.824E-01	2.862E-01	2.203E-02	2.251E-02	5.444E-02	5.655E-02	3.441E-01	2.765E-03	3.469E-01	4.335E-01	4.340E-01
2001-08-18	3.251E-03	1.931E-02	1.932E-02	2.567E-02	2.117E-03	2.307E-03	1.450E-03	1.051E-03	7.297E-02	7.301E-02	8.264E-03	1.355E-01	1.369E-01	2.490E-01	2.781E-01	2.819E-01	2.155E-02	2.203E-02	5.332E-02	5.539E-02	3.386E-01	2.738E-03	3.414E-01	4.243E-01	4.248E-01
2001-08-19	2.104E-02	1.901E-02	1.911E-02	5.796E-02	2.075E-03	3.616E-03	8.182E-03	6.461E-03	7.186E-02	7.197E-02	3.372E-02	1.318E-01	1.403E-01	2.443E-01	2.753E-01	2.880E-01	2.128E-02	2.597E-02	5.264E-02	7.032E-02	3.714E-01	2.068E-02	3.920E-01	4.194E-01	4.216E-01
2001-08-20	5.290E-03	1.870E-02	1.871E-02	3.107E-02	2.032E-03	2.269E-03	2.253E-03	1.321E-03	7.072E-02	7.075E-02	1.640E-02	1.284E-01	1.301E-01	2.397E-01	2.723E-01	2.767E-01	2.100E-02	2.171E-02	5.194E-02	5.613E-02	3.355E-01	5.590E-03	3.412E-01	4.145E-01	4.150E-01
2001-08-21	3.272E-03	1.822E-02	1.823E-02	2.491E-02	1.967E-03	2.153E-03	1.451E-03	1.032E-03	6.921E-02	6.925E-02	9.102E-03	1.238E-01	1.252E-01	2.324E-01	2.677E-01	2.715E-01	2.053E-02	2.100E-02	5.085E-02	5.299E-02	3.258E-01	2.851E-03	3.287E-01	4.061E-01	4.066E-01
2001-08-22	3.159E-03	1.776E-02	1.778E-02	2.396E-02	1.906E-03	2.090E-03	1.402E-03	1.019E-03	6.777E-02	6.780E-02	8.083E-03	1.193E-01	1.206E-01	2.252E-01	2.631E-01	2.669E-01	2.008E-02	2.054E-02	4.980E-02	5.181E-02	3.200E-01	2.655E-03	3.226E-01	3.979E-01	3.984E-01
2001-08-23	1.757E-02	1.746E-02	1.754E-02	4.880E-02	1.859E-03	2.871E-03	8.415E-03	6.111E-03	6.667E-02	6.677E-02	2.568E-02	1.161E-01	1.225E-01	2.202E-01	2.593E-01	2.676E-01	1.977E-02	2.315E-02	4.901E-02	5.928E-02	3.332E-01	1.121E-02	3.444E-01	3.915E-01	3.926E-01
2001-08-24	2.096E-02	1.732E-02	1.742E-02	5.913E-02	1.831E-03	3.403E-03	1.236E-02	7.648E-03	6.600E-02	6.613E-02	4.386E-02	1.147E-01	1.243E-01	2.181E-01	2.567E-01	2.687E-01	1.962E-02	2.411E-02	4.857E-02	6.470E-02	3.450E-01	2.066E-02	3.656E-01	3.884E-01	3.904E-01
2001-08-25	5.056E-03	1.706E-02	1.707E-02	2.922E-02	1.795E-03	2.025E-03	2.647E-03	1.337E-03	6.510E-02	6.514E-02	1.737E-02	1.128E-01	1.145E-01	2.146E-01	2.536E-01	2.579E-01	1.936E-02	2.004E-02	4.794E-02	5.174E-02	3.120E-01	5.206E-03	3.174E-01	3.842E-01	3.846E-01
2001-08-26	4.517E-02	1.702E-02	1.728E-02	1.109E-01	1.797E-03	6.888E-03	3.131E-02	1.840E-02	6.488E-02	6.521E-02	1.227E-01	1.147E-01	1.444E-01	2.168E-01	2.529E-01	2.837E-01	1.933E-02	3.126E-02	4.788E-02	8.976E-02	4.052E-01	6.880E-02	4.737E-01	3.867E-01	3.931E-01
2001-08-27	1.085E-01	1.796E-02	1.859E-02	2.458E-01	1.934E-03	1.305E-02	8.875E-02	4.780E-02	6.764E-02	6.844E-02	3.255E-01	1.312E-01	2.017E-01	2.396E-01	2.609E-01	3.218E-01	2.019E-02	4.682E-02	4.985E-02	1.395E-01	5.258E-01	1.448E-01	6.704E-01	4.096E-01	4.210E-01
2001-08-28	6.551E-02	1.913E-02	1.946E-02	1.683E-01	2.098E-03	8.149E-03	5.825E-02	2.790E-02	7.121E-02	7.165E-02	2.527E-01	1.539E-01	1.947E-01	2.678E-01	2.710E-01	3.055E-01	2.120E-02	3.585E-02	5.211E-02	1.056E-01	4.480E-01	8.868E-02	5.373E-01	4.342E-01	4.398E-01
2001-08-29	9.434E-03	1.929E-02	1.930E-02	4.716E-02	2.125E-03	2.507E-03	7.492E-03	2.306E-03	7.176E-02	7.180E-02	6.275E-02	1.613E-01	1.644E-01	2.748E-01	2.734E-01	2.790E-01	2.131E-02	2.250E-02	5.231E-02	6.028E-02	3.444E-01	1.361E-02	3.586E-01	4.376E-01	4.381E-01
2001-08-30	3.247E-03	1.889E-02	1.890E-02	2.624E-02	2.073E-03	2.248E-03	1.577E-03	9.830E-04	7.051E-02	7.054E-02	1.282E-02	1.562E-01	1.575E-01	2.684E-01	2.713E-01	2.750E-01	2.092E-02	2.137E-02	5.140E-02	5.357E-02	3.300E-01	3.073E-03	3.331E-01	4.293E-01	4.297E-01
2001-08-31	2.961E-03	1.849E-02	1.850E-02	2.432E-02	2.023E-03	2.193E-03	1.304E-03	9.506E-04	6.924E-02	6.927E-02	8.310E-03	1.494E-01	1.507E-01	2.611E-01	2.690E-01	2.727E-01	2.054E-02	2.097E-02	5.050E-02	5.237E-02	3.262E-01	2.475E-03	3.287E-01	4.206E-01	4.210E-01
2001-09-01	4.108E-02	1.849E-02	1.874E-02	1.045E-01	2.032E-03	6.646E-03	3.832E-02	1.949E-02	6.927E-02	6.963E-02	1.384E-01	1.499E-01	1.801E-01	2.628E-01	2.700E-01	2.958E-01	2.052E-02	3.103E-02	5.043E-02	8.472E-02	4.052E-01	5.763E-02	4.626E-01	4.206E-01	4.256E-01
2001-09-02	3.051E-02	1.870E-02	1.886E-02	8.637E-02	2.071E-03	4.911E-03	2.510E-02	1.215E-02	7.000E-02	7.020E-02	1.182E-01	1.554E-01	1.742E-01	2.701E-01	2.730E-01	2.913E-01	2.070E-02	2.764E-02	5.082E-02	7.704E-02	3.869E-01	4.310E-02	4.302E-01	4.261E-01	4.293E-01
2001-09-03	2.167E-02	1.869E-02	1.879E-02	6.484E-02	2.071E-03	3.732E-03	1.491E-02	8.150E-03	6.988E-02	7.001E-02	6.860E-02	1.567E-01	1.675E-01	2.718E-01	2.739E-01	2.855E-01	2.067E-02	2.515E-02	5.070E-02	6.694E-02	3.631E-01	2.373E-02	3.870E-01	4.260E-01	4.277E-01
2001-09-04	6.720E-02	1.912E-02	1.956E-02	1.717E-01	2.157E-03	1.131E-02	7.522E-02	3.475E-02	7.149E-02	7.216E-02	2.832E-01	1.672E-01	2.270E-01	2.856E-01	2.798E-01	3.282E-01	2.104E-02	3.982E-02	5.160E-02	1.148E-01	4.903E-01	1.191E-01	6.091E-01	4.377E-01	4.475E-01
2001-09-05	1.024E-02	1.940E-02	1.942E-02	5.094E-02	2.228E-03	2.724E-03	1.021E-02	2.690E-03	7.276E-02	7.279E-02	8.516E-02	1.774E-01	1.815E-01	2.975E-01	2.851E-01	2.917E-01	2.126E-02	2.271E-02	5.223E-02	6.229E-02	3.606E-01	1.984E-02	3.811E-01	4.473E-01	4.477E-01
2001-09-06	4.587E-03	1.903E-02	1.905E-02	2.961E-02	2.180E-03	2.542E-03	3.431E-03	1.729E-03	7.160E-02	7.165E-02	2.295E-02	1.723E-01	1.750E-01	2.912E-01	2.838E-01	2.882E-01	2.090E-02	2.172E-02	5.138E-02	5.455E-02	3.448E-01	5.425E-03	3.504E-01	4.398E-01	4.403E-01
2001-09-07	2.152E-02	1.886E-02	1.900E-02	6.546E-02	2.168E-03	4.772E-03	2.146E-02	1.054E-02	7.114E-02	7.135E-02	8.396E-02	1.689E-01	1.862E-01	2.888E-01	2.843E-01	2.996E-01	2.074E-02	2.631E-02	5.098E-02	6.977E-02	3.831E-01	3.253E-02	4.155E-01	4.363E-01	4.392E-01
2001-09-08	1.544E-01	2.016E-02	2.106E-02	3.400E-01	2.383E-03	1.932E-02	1.099E-01	6.356E-02	7.486E-02	7.593E-02	4.245E-01	1.891E-01	2.892E-01	3.208E-01	2.992E-01	3.959E-01	2.200E-02	6.221E-02	5.392E-02	1.978E-01	7.032E-01	2.228E-01	9.252E-01	4.698E-01	4.898E-01
2001-09-09	1.051E-01	2.215E-02	2.260E-02	2.454E-01	2.689E-03	1.091E-02	5.998E-02	3.430E-02	8.011E-02	8.059E-02	2.868E-01	2.212E-01	2.695E-01	3.698E-01	3.210E-01	3.747E-01	2.399E-02	4.694E-02	5.840E-02	1.535E-01	5.966E-01	1.318E-01	7.293E-01	5.205E-01	5.297E-01
2001-09-10	8.527E-02	2.336E-02	2.379E-02	2.098E-01	2.871E-03	1.130E-02	5.903E-02	3.237E-02	8.312E-02	8.365E-02	2.555E-01	2.402E-01	2.904E-01	4.009E-01	3.369E-01	3.882E-01	2.521E-02	4.581E-02	6.110E-02	1.410E-01	5.893E-01	1.258E-01	7.154E-01	5.519E-01	5.622E-01
2001-09-11	4.341E-02	2.409E-02	2.430E-02	1.268E-01	3.007E-03	7.449E-03	4.010E-02	1.800E-02	8.525E-02	8.556E-02	1.903E-01	2.520E-01	2.812E-01	4.215E-01	3.500E-01	3.769E-01	2.592E-02	3.617E-02	6.273E-02	1.033E-01	5.097E-01	7.125E-02	5.815E-01	5.713E-01	5.763E-01
2001-09-12	1.938E-02	2.414E-02	2.422E-02	6.911E-02	3.035E-03	4.678E-03	1.251E-02	6.435E-03	8.547E-02	8.557E-02	7.465E-02	2.506E-01	2.602E-01	4.240E-01	3.571E-01	3.696E-01	2.598E-02	3.015E-02	6.286E-02	8.093E-02	4.635E-01	2.861E-02	4.924E-01	5.727E-01	5.748E-01
2001-09-13	1.056E-02	2.388E-02	2.393E-02	4.973E-02	3.018E-03	4.480E-03	9.805E-03	4.173E-03	8.469E-02	8.479E-02	5.702E-02	2.415E-01	2.509E-01	4.176E-01	3.612E-01	3.715E-01	2.576E-02	2.837E-02	6.236E-02	7.369E-02	4.538E-01	2.452E-02	4.785E-01	5.672E-01	5.694E-01
2001-09-14	9.557E-03	2.356E-02	2.361E-02	4.531E-02	2.995E-03	4.096E-03	8.479E-03	4.115E-03	8.381E-02	8.390E-02	4.455E-02	2.318E-01	2.389E-01	4.095E-01	3.641E-01	3.724E-01	2.548E-02	2.770E-02	6.172E-02	7.036E-02	4.492E-01	1.798E-02	4.672E-01	5.606E-01	5.622E-01
2001-09-15	9.035E-03	2.325E-02	2.329E-02	4.181E-02	2.962E-03	3.633E-03	6.008E-03	3.156E-03	8.286E-02	8.292E-02	2.858E-02	2.214E-01	2.258E-01	3.997E-01	3.660E-01	3.725E-01	2.520E-02	2.703E-02	6.104E-02	6.797E-02	4.450E-01	1.034E-02	4.554E-01	5.529E-01	5.538E-01
2001-09-16	1.011E-01	2.389E-02	2.447E-02	2.287E-01	3.074E-03	1.345E-02	6.293E-02	3.953E-02	8.438E-02	8.503E-02	2.273E-01	2.250E-01	2.840E-01	4.121E-01	3.768E-01	4.395E-01	2.587E-02	5.186E-02	6.254E-02	1.575E-01	6.678E-01	1.334E-01	8.005E-01	5.693E-01	5.815E-01
2001-09-17	1.557E-02	2.448E-02	2.450E-02	6.855E-02	3.177E-03	3.762E-03	9.273E-03	3.361E-03	8.577E-02	8.580E-02	7.166E-02	2.297E-01	2.341E-01	4.244E-01	3.872E-01	3.949E-01	2.649E-02	2.856E-02	6.392E-02	7.903E-02	4.833E-01	2.223E-02	5.064E-01	5.855E-01	5.859E-01
2001-09-18	3.566E-02	2.434E-02	2.452E-02	9.314E-02	3.151E-03	5.869E-03	1.912E-02	1.272E-02	8.511E-02	8.531E-02	7.224E-02	2.234E-01	2.398E-01	4.181E-01	3.897E-01	4.077E-01	2.637E-02	3.424E-02	6.353E-02	9.051E-02	5.168E-01	3.408E-02	5.509E-01	5.815E-01	5.846E-01
2001-09-19	3.371E-02	2.449E-02	2.467E-02	9.708E-02	3.177E-03	6.440E-03	2.694E-02	1.375E-02	8.535E-02	8.559E-02	1.109E-01	2.211E-01	2.424E-01	4.180E-01	3.945E-01	4.147E-01	2.652E-02	3.430E-02	6.377E-02	9.261E-02	5.279E-01	4.579E-02	5.737E-01	5.838E-01	5.876E-01
2001-09-20	8.214E-02	2.510E-02	2.584E-02	1.878E-01	3.279E-03	1.057E-02	5.076E-02	2.944E-02	8.691E-02	8.739E-02	2.163E-01	2.279E-01	2.711E-01	4.298E-01	4.038E-01	4.481E-01	2.705E-02	4.426E-02	6.494E-02	1.376E-01	6.360E-01	9.906E-02	7.348E-01	5.985E-01	6.065E-01
2001-09-21	7.574E-02	2.595E-02	2.689E-02	1.801E-01	3.396E-03	8.304E-03	3.179E-02	1.888E-02	8.869E-02	8.902E-02	1.729E-01	2.375E-01	2.631E-01	4.468E-01	4.148E-01	4.532E-01	2.773E-02	3.881E-02	6.643E-02	1.311E-01	6.284E-01	7.720E-02	7.059E-01	6.187E-01	6.235E-01
2001-09-22	1.373E-01	2.704E-02	2.934E-02	3.176E-01	3.527E-03	1.410E-02	6.346E-02	4.359E-02	9.093E-02	9.208E-02	3.167E-01	2.520E-01	3.081E-01	4.736E-01	4.283E-01	5.122E-01	2.852E-02	4.832E-02	6.818E-02	1.882E-01	7.887E-01	1.561E-01	9.447E-01	6.482E-01	6.607E-01
2001-09-23	1.029E-01	2.821E-02	3.019E-02	2.547E-01	3.645E-03	9.160E-03	3.170E-02	2.642E-02	9.318E-02	9.400E-02	2.116E-01	2.674E-01	2.928E-01	5.037E-01	4.428E-01	5.003E-01	2.924E-02	3.874E-02	6.982E-02	1.568E-01	7.188E-01	9.711E-02	8.166E-01	6.803E-01	6.868E-01
2001-09-24	4.489E-02	2.845E-02	2.950E-02	1.313E-01	3.636E-03	5.144E-03	5.132E-03	7.641E-03	9.304E-02	9.337E-02	8.326E-02	2.657E-01	2.705E-01	5.086E-01	4.500E-01	4.747E-01	2.920E-02	3.020E-02	6.972E-02	1.081E-01	6.089E-01	3.581E-02	6.454E-01	6.885E-01	6.907E-01
2001-09-25	2.596E-02	2.821E-02	2.885E-02	8.492E-02	3.591E-03	4.481E-03	1.782E-03	4.370E-03	9.195E-02	9.213E-02	3.973E-02	2.546E-01	2.573E-01	4.985E-01	4.535E-01	4.683E-01	2.885E-02	2.929E-02	6.894E-02	9.036E-02	5.730E-01	1.816E-02	5.914E-01	6.834E-01	6.846E-01
2001-09-26	1.846E-02	2.792E-02	2.834E-02	6.568E-02	3.552E-03	4.132E-03	1.290E-03	2.803E-03	9.083E-02	9.093E-02	2.599E-02	2.420E-01	2.438E-01	4.845E-01	4.558E-01	4.658E-01	2.852E-02	2.903E-02	6.817E-02	8.332E-02	5.585E-01	1.113E-02	5.698E-01	6.753E-01	6.764E-01
2001-09-27	1.250E-02	2.757E-02	2.774E-02	5.021E-02	3.510E-03	3.837E-03	1.199E-03	1.750E-03	8.967E-02	8.976E-02	1.550E-02	2.296E-01	2.312E-01	4.686E-01	4.566E-01	4.630E-01	2.818E-02	2.855E-02	6.736E-02	7.673E-02	5.442E-01	6.522E-03	5.508E-01	6.657E-01	6.667E-01
2001-09-28	8.980E-03	2.718E-02	2.734E-02	4.661E-02	3.468E-03	4.097E-03	3.746E-03	2.594E-03	8.852E-02	8.863E-02	2.229E-02	2.184E-01	2.219E-01	4.525E-01	4.562E-01	4.636E-01	2.783E-02	2.875E-02	6.654E-02	7.408E-02	5.428E-01	9.596E-03	5.525E-01	6.562E-01	6.575E-01
2001-09-29	6.177E-03	2.681E-02	2.693E-02	4.005E-02	3.433E-03	3.706E-03	1.440E-03	1.455E-03	8.747E-02	8.754E-02	1.379E-02	2.083E-01	2.098E-01	4.370E-01	4.550E-01	4.603E-01	2.752E-02	2.790E-02	6.578E-02	7.052E-02	5.340E-01	5.290E-03	5.394E-01	6.474E-01	6.482E-01
2001-09-30	5.607E-03	2.646E-02	2.657E-02	3.799E-02	3.400E-03	3.645E-03	1.112E-03	1.318E-03	8.644E-02	8.650E-02	1.052E-02	1.988E-01	2.001E-01	4.215E-01	4.529E-01	4.579E-01	2.722E-02	2.756E-02	6.505E-02	6.917E-02	5.298E-01	4.308E-03	5.341E-01	6.387E-01	6.394E-01
2001-10-01	1.705E-01	2.751E-02	2.992E-02	3.562E-01	3.507E-03	1.450E-02	6.532E-02	5.468E-02	8.827E-02	8.947E-02	2.356E-01	2.040E-01	2.621E-01	4.361E-01	4.609E-01	5.437E-01	2.804E-02	5.487E-02	6.667E-02	1.942E-01	8.289E-01	1.403E-01	9.685E-01	6.588E-01	6.714E-01
2001-10-02	5.602E-02	2.866E-02	2.974E-02	1.574E-01	3.603E-03	5.102E-03	9.617E-03	9.820E-03	9.011E-02	9.043E-02	9.118E-02	2.121E-01	2.181E-01	4.560E-01	4.694E-01	4.939E-01	2.883E-02	3.078E-02	6.825E-02	1.104E-01	6.327E-01	3.915E-02	6.729E-01	6.829E-01	6.840E-01
2001-10-03	2.609E-02	2.834E-02	2.895E-02	8.421E-02	3.542E-03	4.075E-03	2.746E-03	4.706E-03	8.888E-02	8.900E-02	2.896E-02	2.059E-01	2.084E-01	4.464E-01	4.670E-01	4.754E-01	2.839E-02	2.882E-02	6.730E-02	8.498E-02	5.710E-01	1.079E-02	5.821E-01	6.773E-01	6.783E-01
2001-10-04	2.169E-02	2.797E-02	2.819E-02	6.528E-02	3.488E-03	4.108E-03	2.568E-03	3.257E-03	8.762E-02	8.773E-02	1.775E-02	1.972E-01	2.002E-01	4.324E-01	4.640E-01	4.722E-01	2.802E-02	2.956E-02	6.642E-02	7.796E-02	5.577E-01	1.003E-02	5.678E-01	6.679E-01	6.692E-01
2001-10-05	8.871E-03	2.757E-02	2.769E-02	4.556E-02	3.437E-03	3.686E-03	1.237E-03	1.600E-03	8.638E-02	8.645E-02	1.114E-02	1.886E-01	1.899E-01	4.173E-01	4.603E-01	4.657E-01	2.766E-02	2.807E-02	6.557E-02	7.091E-02	5.401E-01	5.209E-03	5.454E-01	6.580E-01	6.588E-01
2001-10-06	7.461E-03	2.711E-02	2.722E-02	4.135E-02	3.387E-03	3.626E-03	1.148E-03	1.430E-03	8.513E-02	8.519E-02	9.994E-03	1.804E-01	1.818E-01	4.017E-01	4.556E-01	4.606E-01	2.729E-02	2.779E-02	6.468E-02	6.922E-02	5.328E-01	4.184E-03	5.370E-01	6.475E-01	6.482E-01
2001-10-07	9.250E-02	2.748E-02	2.858E-02	2.108E-01	3.449E-03	1.110E-02	4.680E-02	3.128E-02	8.583E-02	8.638E-02	1.756E-01	1.828E-01	2.250E-01	4.054E-01	4.582E-01	5.115E-01	2.763E-02	4.523E-02	6.540E-02	1.453E-01	7.165E-01	1.024E-01	8.185E-01	6.579E-01	6.670E-01
2001-10-08	1.467E-01	2.883E-02	3.095E-02	3.207E-01	3.623E-03	1.292E-02	5.679E-02	4.186E-02	8.873E-02	8.985E-02	2.697E-01	1.992E-01	2.489E-01	4.344E-01	4.693E-01	5.450E-01	2.870E-02	4.670E-02	6.769E-02	1.754E-01	8.004E-01	1.412E-01	9.418E-01	6.932E-01	7.050E-01
2001-10-09	7.668E-02	2.959E-02	3.082E-02	1.829E-01	3.691E-03	5.889E-03	1.290E-02	1.312E-02	9.000E-02	9.047E-02	1.146E-01	2.094E-01	2.189E-01	4.523E-01	4.751E-01	5.061E-01	2.919E-02	3.231E-02	6.857E-02	1.161E-01	6.555E-01	5.009E-02	7.065E-01	7.136E-01	7.170E-01
2001-10-10	1.316E-01	3.010E-02	3.197E-02	2.704E-01	3.718E-03	1.028E-02	3.779E-02	3.082E-02	9.054E-02	9.154E-02	1.932E-01	2.145E-01	2.486E-01	4.632E-01	4.790E-01	5.367E-01	2.947E-02	4.132E-02	6.887E-02	1.473E-01	7.407E-01	9.874E-02	8.394E-01	7.254E-01	7.344E-01
2001-10-11	7.655E-02	3.061E-02	3.161E-02	1.655E-01	3.742E-03	5.316E-03	7.661E-03	9.325E-03	9.096E-02	9.138E-02	8.877E-02	2.178E-01	2.240E-01	4.720E-01	4.828E-01	5.071E-01	2.974E-02	3.185E-02	6.909E-02	1.043E-01	6.350E-01	3.752E-02	6.732E-01	7.342E-01	7.370E-01
2001-10-12	5.342E-02	3.042E-02	3.103E-02	1.150E-01	3.686E-03	4.467E-03	1.920E-03	5.029E-03	8.981E-02	9.005E-02	3.671E-02	2.115E-01	2.142E-01	4.638E-01	4.812E-01	4.949E-01	2.951E-02	3.073E-02	6.826E-02	8.831E-02	5.954E-01	1.645E-02	6.121E-01	7.261E-01	7.275E-01
2001-10-13	3.288E-02	3.003E-02	3.021E-02	7.670E-02	3.620E-03	3.924E-03	1.116E-03	2.090E-03	8.842E-02	8.851E-02	1.697E-02	2.024E-01	2.038E-01	4.499E-01	4.779E-01	4.843E-01	2.920E-02	3.026E-02	6.729E-02	7.658E-02	5.653E-01	6.644E-03	5.721E-01	7.131E-01	7.143E-01
2001-10-14	2.271E-02	2.954E-02	2.967E-02	6.158E-02	3.559E-03	3.803E-03	1.009E-03	1.716E-03	8.704E-02	8.712E-02	1.208E-02	1.931E-01	1.944E-01	4.341E-01	4.738E-01	4.791E-01	2.886E-02	2.990E-02	6.633E-02	7.351E-02	5.554E-01	4.517E-03	5.600E-01	6.992E-01	7.002E-01
2001-10-15	2.504E-02	2.916E-02	2.932E-02	7.029E-02	3.518E-03	4.506E-03	6.753E-03	5.030E-03	8.600E-02	8.612E-02	3.091E-02	1.857E-01	1.918E-01	4.203E-01	4.701E-01	4.793E-01	2.861E-02	3.177E-02	6.566E-02	7.968E-02	5.669E-01	1.352E-02	5.804E-01	6.883E-01	6.901E-01
2001-10-16	1.710E-02	2.884E-02	2.896E-02	6.080E-02	3.486E-03	4.277E-03	6.729E-03	4.158E-03	8.515E-02	8.523E-02	3.419E-02	1.802E-01	1.854E-01	4.082E-01	4.664E-01	4.737E-01	2.839E-02	3.102E-02	6.511E-02	7.705E-02	5.571E-01	1.184E-02	5.690E-01	6.793E-01	6.807E-01
2001-10-17	1.045E-02	2.843E-02	2.850E-02	4.669E-02	3.441E-03	3.647E-03	1.886E-03	1.480E-03	8.407E-02	8.412E-02	1.594E-02	1.741E-01	1.756E-01	3.946E-01	4.611E-01	4.653E-01	2.808E-02	2.942E-02	6.439E-02	7.100E-02	5.384E-01	3.750E-03	5.422E-01	6.685E-01	6.692E-01
2001-10-18	7.895E-03	2.797E-02	2.802E-02	4.074E-02	3.393E-03	3.529E-03	9.478E-04	1.032E-03	8.289E-02	8.293E-02	8.932E-03	1.674E-01	1.684E-01	3.801E-01	4.550E-01	4.590E-01	2.772E-02	2.885E-02	6.360E-02	6.877E-02	5.292E-01	2.545E-03	5.318E-01	6.567E-01	6.574E-01
2001-10-19	7.068E-03	2.753E-02	2.757E-02	3.883E-02	3.348E-03	3.481E-03	8.720E-04	1.002E-03	8.176E-02	8.180E-02	7.824E-03	1.609E-01	1.619E-01	3.663E-01	4.486E-01	4.523E-01	2.738E-02	2.838E-02	6.284E-02	6.738E-02	5.208E-01	2.247E-03	5.231E-01	6.455E-01	6.462E-01
2001-10-20	6.712E-03	2.710E-02	2.714E-02	3.791E-02	3.306E-03	3.437E-03	8.623E-04	9.913E-04	8.066E-02	8.070E-02	7.668E-03	1.550E-01	1.560E-01	3.532E-01	4.417E-01	4.455E-01	2.705E-02	2.803E-02	6.209E-02	6.651E-02	5.131E-01	2.182E-03	5.153E-01	6.347E-01	6.353E-01
2001-10-21	8.082E-03	2.670E-02	2.675E-02	4.101E-02	3.267E-03	3.683E-03	2.918E-03	1.794E-03	7.965E-02	7.970E-02	1.742E-02	1.500E-01	1.528E-01	3.414E-01	4.348E-01	4.400E-01	2.673E-02	2.822E-02	6.139E-02	6.745E-02	5.099E-01	6.114E-03	5.160E-01	6.248E-01	6.257E-01
2001-10-22	7.677E-03	2.633E-02	2.638E-02	3.884E-02	3.233E-03	3.373E-03	1.101E-03	1.060E-03	7.870E-02	7.874E-02	1.037E-02	1.456E-01	1.466E-01	3.305E-01	4.279E-01	4.319E-01	2.645E-02	2.762E-02	6.075E-02	6.582E-02	4.992E-01	2.720E-03	5.020E-01	6.155E-01	6.160E-01
2001-10-23	6.691E-03	2.601E-02	2.605E-02	3.684E-02	3.206E-03	3.333E-03	8.521E-04	9.640E-04	7.785E-02	7.788E-02	7.730E-03	1.412E-01	1.422E-01	3.202E-01	4.211E-01	4.249E-01	2.622E-02	2.722E-02	6.020E-02	6.468E-02	4.908E-01	2.153E-03	4.930E-01	6.065E-01	6.070E-01
2001-10-24	6.547E-03	2.571E-02	2.575E-02	3.620E-02	3.183E-03	3.310E-03	8.339E-04	9.528E-04	7.706E-02	7.710E-02	7.379E-03	1.372E-01	1.381E-01	3.104E-01	4.144E-01	4.181E-01	2.600E-02	2.698E-02	5.969E-02	6.409E-02	4.834E-01	2.110E-03	4.855E-01	5.980E-01	5.985E-01
2001-10-25	6.390E-03	2.539E-02	2.542E-02	3.564E-02	3.156E-03	3.281E-03	8.266E-04	9.444E-04	7.622E-02	7.625E-02	7.304E-03	1.333E-01	1.342E-01	3.010E-01	4.072E-01	4.109E-01	2.575E-02	2.669E-02	5.912E-02	6.333E-02	4.753E-01	2.051E-03	4.774E-01	5.892E-01	5.897E-01
2001-10-26	6.712E-03	2.502E-02	2.506E-02	3.578E-02	3.118E-03	3.245E-03	8.197E-04	9.868E-04	7.525E-02	7.529E-02	7.461E-03	1.295E-01	1.304E-01	2.916E-01	3.995E-01	4.033E-01	2.546E-02	2.648E-02	5.847E-02	6.277E-02	4.671E-01	2.021E-03	4.692E-01	5.798E-01	5.803E-01
2001-10-27	1.413E-02	2.471E-02	2.479E-02	5.061E-02	3.085E-03	4.007E-03	6.545E-03	4.275E-03	7.441E-02	7.450E-02	2.768E-02	1.267E-01	1.325E-01	2.841E-01	3.921E-01	4.002E-01	2.521E-02	2.810E-02	5.789E-02	6.842E-02	4.743E-01	1.195E-02	4.862E-01	5.718E-01	5.731E-01
2001-10-28	4.094E-02	2.478E-02	2.502E-02	1.048E-01	3.104E-03	6.459E-03	2.613E-02	1.544E-02	7.454E-02	7.480E-02	9.741E-02	1.285E-01	1.499E-01	2.839E-01	3.881E-01	4.087E-01	2.530E-02	3.468E-02	5.804E-02	8.923E-02	5.178E-01	4.202E-02	5.597E-01	5.711E-01	5.747E-01
2001-10-29	6.706E-02	2.545E-02	2.584E-02	1.670E-01	3.220E-03	1.006E-02	5.303E-02	2.781E-02	7.636E-02	7.684E-02	2.133E-01	1.393E-01	1.828E-01	2.968E-01	3.901E-01	4.291E-01	2.592E-02	4.238E-02	5.939E-02	1.172E-01	5.869E-01	9.253E-02	6.793E-01	5.843E-01	5.919E-01
2001-10-30	3.646E-02	2.600E-02	2.625E-02	1.084E-01	3.331E-03	6.440E-03	2.684E-02	1.276E-02	7.800E-02	7.821E-02	1.402E-01	1.513E-01	1.714E-01	3.095E-01	3.922E-01	4.128E-01	2.643E-02	3.430E-02	6.058E-02	9.308E-02	5.272E-01	5.058E-02	5.782E-01	5.970E-01	6.005E-01
2001-10-31	1.359E-01	2.690E-02	2.847E-02	2.823E-01	3.466E-03	1.318E-02	6.094E-02	3.964E-02	8.003E-02	8.099E-02	2.791E-01	1.659E-01	2.194E-01	3.297E-01	3.972E-01	4.622E-01	2.715E-02	4.848E-02	6.214E-02	1.593E-01	6.861E-01	1.368E-01	8.226E-01	6.173E-01	6.287E-01
2001-11-01	6.499E-02	2.774E-02	2.843E-02	1.447E-01	3.563E-03	4.824E-03	8.673E-03	7.042E-03	8.148E-02	8.174E-02	1.111E-01	1.781E-01	1.834E-01	3.484E-01	4.012E-01	4.185E-01	2.777E-02	3.009E-02	6.330E-02	9.612E-02	5.318E-01	3.644E-02	5.690E-01	6.335E-01	6.346E-01
2001-11-02	4.792E-02	2.768E-02	2.817E-02	1.014E-01	3.528E-03	4.195E-03	1.655E-03	3.871E-03	8.068E-02	8.086E-02	4.667E-02	1.765E-01	1.786E-01	3.468E-01	3.980E-01	4.079E-01	2.767E-02	2.888E-02	6.278E-02	7.924E-02	4.948E-01	1.449E-02	5.095E-01	6.266E-01	6.277E-01
2001-11-03	3.870E-02	2.751E-02	2.784E-02	8.060E-02	3.485E-03	3.825E-03	1.015E-03	2.148E-03	7.970E-02	7.980E-02	3.250E-02	1.716E-01	1.730E-01	3.414E-01	3.941E-01	4.008E-01	2.750E-02	2.862E-02	6.213E-02	7.153E-02	4.765E-01	7.443E-03	4.840E-01	6.162E-01	6.172E-01
2001-11-04	1.996E-01	2.845E-02	3.032E-02	3.714E-01	3.554E-03	1.262E-02	5.029E-02	4.600E-02	8.078E-02	8.189E-02	2.692E-01	1.790E-01	2.243E-01	3.576E-01	3.978E-01	4.652E-01	2.822E-02	5.666E-02	6.326E-02	1.853E-01	7.173E-01	1.181E-01	8.348E-01	6.279E-01	6.386E-01
2001-11-05	1.026E-01	2.967E-02	3.067E-02	2.250E-01	3.636E-03	5.551E-03	8.242E-03	1.427E-02	8.218E-02	8.260E-02	1.591E-01	1.917E-01	1.974E-01	3.815E-01	4.035E-01	4.280E-01	2.912E-02	4.047E-02	6.486E-02	1.315E-01	5.847E-01	4.025E-02	6.257E-01	6.457E-01	6.482E-01
2001-11-06	2.458E-01	3.102E-02	3.292E-02	4.343E-01	3.716E-03	1.275E-02	3.668E-02	4.466E-02	8.338E-02	8.445E-02	2.818E-01	2.040E-01	2.378E-01	4.070E-01	4.107E-01	4.791E-01	3.017E-02	6.790E-02	6.675E-02	2.211E-01	7.773E-01	1.015E-01	8.785E-01	6.647E-01	6.746E-01
2001-11-07	2.222E-01	3.301E-02	3.455E-02	4.119E-01	3.830E-03	1.014E-02	2.321E-02	3.439E-02	8.523E-02	8.609E-02	2.527E-01	2.207E-01	2.395E-01	4.449E-01	4.220E-01	4.777E-01	3.170E-02	6.428E-02	6.957E-02	2.068E-01	7.461E-01	7.177E-02	8.184E-01	6.926E-01	6.990E-01
2001-11-08	2.011E-01	3.448E-02	3.586E-02	3.907E-01	3.886E-03	1.032E-02	2.490E-02	3.360E-02	8.621E-02	8.699E-02	2.410E-01	2.331E-01	2.548E-01	4.755E-01	4.316E-01	4.850E-01	3.277E-02	6.627E-02	7.159E-02	2.027E-01	7.473E-01	7.051E-02	8.181E-01	7.115E-01	7.175E-01
2001-11-09	1.604E-01	3.555E-02	3.661E-02	3.218E-01	3.918E-03	9.127E-03	1.936E-02	2.782E-02	8.675E-02	8.734E-02	2.107E-01	2.421E-01	2.580E-01	4.991E-01	4.407E-01	4.821E-01	3.354E-02	5.976E-02	7.313E-02	1.777E-01	7.080E-01	5.426E-02	7.627E-01	7.246E-01	7.288E-01
2001-11-10	1.630E-01	3.625E-02	3.771E-02	3.796E-01	3.914E-03	1.304E-02	5.167E-02	4.265E-02	8.710E-02	8.831E-02	4.086E-01	2.577E-01	3.037E-01	5.235E-01	4.498E-01	5.262E-01	3.397E-02	7.140E-02	7.426E-02	2.013E-01	8.019E-01	1.166E-01	9.185E-01	7.396E-01	7.489E-01
2001-11-11	3.478E-01	3.772E-02	3.962E-02	6.720E-01	3.933E-03	2.297E-02	6.730E-02	9.274E-02	8.827E-02	8.919E-02	5.870E-01	2.913E-01	3.481E-01	5.764E-01	4.639E-01	5.460E-01	3.487E-02	1.027E-01	7.660E-02	3.376E-01	1.012E+00	1.649E-01	1.177E+00	7.724E-01	7.792E-01
2001-11-12	2.383E-01	3.951E-02	4.071E-02	4.950E-01	3.958E-03	1.429E-02	4.690E-02	5.581E-02	8.940E-02	9.000E-02	4.257E-01	3.245E-01	3.621E-01	6.353E-01	4.813E-01	5.301E-01	3.597E-02	7.746E-02	7.921E-02	2.550E-01	8.647E-01	1.105E-01	9.761E-01	8.042E-01	8.075E-01
2001-11-13	1.828E-01	4.057E-02	4.152E-02	3.881E-01	3.966E-03	1.205E-02	4.179E-02	4.418E-02	8.999E-02	9.049E-02	3.174E-01	3.407E-01	3.750E-01	6.687E-01	4.984E-01	5.393E-01	3.663E-02	6.936E-02	8.079E-02	2.165E-01	8.156E-01	9.198E-02	9.080E-01	8.206E-01	8.236E-01
2001-11-14	1.492E-01	4.127E-02	4.202E-02	3.235E-01	3.968E-03	1.070E-02	3.928E-02	3.627E-02	9.037E-02	9.082E-02	2.573E-01	3.462E-01	3.784E-01	6.887E-01	5.152E-01	5.522E-01	3.707E-02	6.381E-02	8.190E-02	1.921E-01	7.929E-01	8.347E-02	8.768E-01	8.307E-01	8.334E-01
2001-11-15	1.282E-01	4.171E-02	4.236E-02	2.862E-01	3.962E-03	1.060E-02	3.755E-02	2.976E-02	9.053E-02	9.094E-02	2.224E-01	3.456E-01	3.768E-01	7.007E-01	5.315E-01	5.679E-01	3.735E-02	6.101E-02	8.265E-02	1.796E-01	7.943E-01	8.019E-02	8.747E-01	8.378E-01	8.406E-01
2001-11-16	8.919E-02	4.187E-02	4.231E-02	2.149E-01	3.954E-03	9.578E-03	3.297E-02	2.464E-02	9.053E-02	9.082E-02	1.917E-01	3.413E-01	3.679E-01	7.041E-01	5.469E-01	5.752E-01	3.746E-02	5.260E-02	8.300E-02	1.465E-01	7.603E-01	6.569E-02	8.264E-01	8.414E-01	8.433E-01
2001-11-17	7.159E-02	4.179E-02	4.215E-02	1.845E-01	3.943E-03	9.139E-03	3.051E-02	2.270E-02	9.042E-02	9.065E-02	1.746E-01	3.348E-01	3.594E-01	6.997E-01	5.608E-01	5.860E-01	3.742E-02	5.124E-02	8.301E-02	1.380E-01	7.580E-01	5.882E-02	8.171E-01	8.416E-01	8.431E-01
2001-11-18	6.347E-02	4.160E-02	4.186E-02	1.663E-01	3.930E-03	8.541E-03	2.750E-02	2.025E-02	9.021E-02	9.042E-02	1.581E-01	3.271E-01	3.492E-01	6.912E-01	5.730E-01	5.945E-01	3.732E-02	5.000E-02	8.294E-02	1.316E-01	7.551E-01	5.069E-02	8.060E-01	8.404E-01	8.418E-01
2001-11-19	5.864E-02	4.140E-02	4.159E-02	1.554E-01	3.920E-03	8.200E-03	2.523E-02	1.871E-02	8.998E-02	9.017E-02	1.460E-01	3.188E-01	3.392E-01	6.806E-01	5.837E-01	6.037E-01	3.722E-02	4.905E-02	8.284E-02	1.273E-01	7.578E-01	4.643E-02	8.044E-01	8.388E-01	8.402E-01
2001-11-20	5.498E-02	4.115E-02	4.133E-02	1.483E-01	3.908E-03	7.956E-03	2.377E-02	1.774E-02	8.970E-02	8.989E-02	1.378E-01	3.104E-01	3.296E-01	6.687E-01	5.926E-01	6.117E-01	3.710E-02	4.829E-02	8.269E-02	1.244E-01	7.615E-01	4.383E-02	8.055E-01	8.373E-01	8.387E-01
2001-11-21	6.049E-02	4.093E-02	4.114E-02	1.555E-01	3.896E-03	8.112E-03	2.497E-02	1.863E-02	8.940E-02	8.961E-02	1.397E-01	3.025E-01	3.228E-01	6.572E-01	6.001E-01	6.204E-01	3.700E-02	4.877E-02	8.255E-02	1.267E-01	7.737E-01	4.601E-02	8.198E-01	8.365E-01	8.383E-01
2001-11-22	5.049E-02	4.069E-02	4.084E-02	1.374E-01	3.882E-03	7.212E-03	1.897E-02	1.490E-02	8.906E-02	8.922E-02	1.185E-01	2.944E-01	3.096E-01	6.448E-01	6.059E-01	6.222E-01	3.690E-02	4.636E-02	8.237E-02	1.194E-01	7.635E-01	3.645E-02	8.001E-01	8.356E-01	8.369E-01
2001-11-23	4.673E-02	4.039E-02	4.054E-02	1.289E-01	3.867E-03	6.942E-03	1.709E-02	1.381E-02	8.862E-02	8.877E-02	1.075E-01	2.855E-01	2.994E-01	6.303E-01	6.100E-01	6.249E-01	3.674E-02	4.538E-02	8.209E-02	1.160E-01	7.606E-01	3.252E-02	7.932E-01	8.334E-01	8.347E-01
2001-11-24	4.440E-02	4.008E-02	4.022E-02	1.238E-01	3.853E-03	6.748E-03	1.582E-02	1.306E-02	8.817E-02	8.831E-02	1.002E-01	2.767E-01	2.896E-01	6.155E-01	6.127E-01	6.267E-01	3.658E-02	4.465E-02	8.178E-02	1.136E-01	7.587E-01	3.031E-02	7.891E-01	8.310E-01	8.322E-01
2001-11-25	4.283E-02	3.978E-02	3.992E-02	1.205E-01	3.840E-03	6.614E-03	1.533E-02	1.261E-02	8.774E-02	8.788E-02	9.639E-02	2.684E-01	2.809E-01	6.008E-01	6.140E-01	6.277E-01	3.643E-02	4.419E-02	8.147E-02	1.120E-01	7.574E-01	2.911E-02	7.866E-01	8.286E-01	8.298E-01
2001-11-26	1.954E-01	4.117E-02	4.259E-02	4.440E-01	4.022E-03	2.082E-02	9.775E-02	7.568E-02	9.078E-02	9.198E-02	4.594E-01	2.849E-01	3.703E-01	6.281E-01	6.296E-01	7.268E-01	3.762E-02	8.816E-02	8.425E-02	2.404E-01	1.075E+00	1.850E-01	1.259E+00	8.622E-01	8.748E-01
2001-11-27	1.605E-01	4.319E-02	4.420E-02	3.908E-01	4.243E-03	1.577E-02	7.007E-02	5.571E-02	9.499E-02	9.583E-02	4.128E-01	3.187E-01	3.741E-01	6.802E-01	6.508E-01	7.223E-01	3.923E-02	7.688E-02	8.813E-02	2.154E-01	1.020E+00	1.384E-01	1.159E+00	9.134E-01	9.204E-01
2001-11-28	1.768E-01	4.428E-02	4.541E-02	4.216E-01	4.328E-03	1.854E-02	8.737E-02	6.361E-02	9.726E-02	9.826E-02	4.368E-01	3.455E-01	4.200E-01	7.209E-01	6.668E-01	7.566E-01	4.006E-02	8.396E-02	9.043E-02	2.366E-01	1.097E+00	1.749E-01	1.273E+00	9.530E-01	9.632E-01
2001-11-29	1.638E-01	4.531E-02	4.646E-02	4.223E-01	4.413E-03	1.909E-02	9.862E-02	6.216E-02	9.979E-02	1.011E-01	4.506E-01	3.736E-01	4.634E-01	7.677E-01	6.862E-01	8.004E-01	4.086E-02	8.737E-02	9.285E-02	2.381E-01	1.159E+00	2.016E-01	1.361E+00	1.001E+00	1.015E+00
2001-11-30	1.339E-01	4.582E-02	4.669E-02	3.554E-01	4.446E-03	1.577E-02	8.043E-02	4.883E-02	1.016E-01	1.028E-01	3.745E-01	3.951E-01	4.714E-01	8.049E-01	7.046E-01	8.099E-01	4.125E-02	7.952E-02	9.445E-02	2.112E-01	1.126E+00	1.661E-01	1.293E+00	1.043E+00	1.057E+00
2001-12-01	1.313E-01	4.628E-02	4.713E-02	3.467E-01	4.487E-03	1.652E-02	8.849E-02	5.094E-02	1.034E-01	1.046E-01	3.893E-01	4.115E-01	4.917E-01	8.345E-01	7.242E-01	8.273E-01	4.161E-02	7.896E-02	9.586E-02	2.089E-01	1.134E+00	1.700E-01	1.304E+00	1.080E+00	1.095E+00
2001-12-02	2.276E-01	4.733E-02	4.922E-02	5.787E-01	4.593E-03	2.952E-02	1.842E-01	9.609E-02	1.071E-01	1.092E-01	6.999E-01	4.501E-01	6.172E-01	8.986E-01	7.529E-01	9.388E-01	4.241E-02	1.122E-01	9.863E-02	3.129E-01	1.445E+00	3.529E-01	1.798E+00	1.146E+00	1.176E+00
2001-12-03	2.254E-01	4.868E-02	5.055E-02	6.059E-01	4.713E-03	2.976E-02	1.988E-01	9.408E-02	1.121E-01	1.141E-01	7.866E-01	5.144E-01	6.865E-01	9.986E-01	7.910E-01	9.759E-01	4.340E-02	1.144E-01	1.023E-01	3.242E-01	1.496E+00	3.820E-01	1.878E+00	1.241E+00	1.272E+00
2001-12-04	1.757E-01	4.956E-02	5.093E-02	4.846E-01	4.784E-03	2.315E-02	1.490E-01	7.094E-02	1.161E-01	1.176E-01	6.290E-01	5.670E-01	6.930E-01	1.081E+00	8.301E-01	9.685E-01	4.404E-02	9.630E-02	1.051E-01	2.752E-01	1.391E+00	2.902E-01	1.682E+00	1.316E+00	1.341E+00
2001-12-05	1.793E-01	5.047E-02	5.182E-02	4.787E-01	4.879E-03	2.393E-02	1.526E-01	7.370E-02	1.199E-01	1.215E-01	6.132E-01	6.025E-01	7.329E-01	1.145E+00	8.727E-01	1.010E+00	4.475E-02	9.800E-02	1.077E-01	2.775E-01	1.433E+00	2.877E-01	1.722E+00	1.377E+00	1.403E+00
2001-12-06	2.877E-01	5.202E-02	5.452E-02	7.087E-01	5.025E-03	3.682E-02	2.446E-01	1.220E-01	1.255E-01	1.277E-01	9.118E-01	6.587E-01	8.723E-01	1.246E+00	9.254E-01	1.133E+00	4.589E-02	1.316E-01	1.116E-01	3.880E-01	1.741E+00	4.506E-01	2.192E+00	1.467E+00	1.499E+00
2001-12-07	2.804E-01	5.372E-02	5.598E-02	6.971E-01	5.149E-03	3.473E-02	2.475E-01	1.132E-01	1.319E-01	1.336E-01	9.311E-01	7.333E-01	9.416E-01	1.376E+00	9.864E-01	1.155E+00	4.702E-02	1.311E-01	1.159E-01	3.749E-01	1.742E+00	4.393E-01	2.183E+00	1.574E+00	1.597E+00
2001-12-08	2.535E-01	5.526E-02	5.715E-02	6.566E-01	5.270E-03	3.382E-02	2.525E-01	1.084E-01	1.382E-01	1.398E-01	9.283E-01	7.990E-01	1.005E+00	1.496E+00	1.055E+00	1.199E+00	4.806E-02	1.305E-01	1.201E-01	3.580E-01	1.757E+00	4.244E-01	2.183E+00	1.668E+00	1.688E+00
2001-12-09	4.647E-01	5.792E-02	5.974E-02	9.610E-01	5.428E-03	4.668E-02	2.704E-01	1.943E-01	1.455E-01	1.470E-01	1.255E+00	8.835E-01	1.069E+00	1.646E+00	1.132E+00	1.266E+00	4.990E-02	1.375E-01	1.253E-01	5.033E-01	1.953E+00	4.755E-01	2.429E+00	1.766E+00	1.786E+00
2001-12-10	3.853E-01	6.151E-02	6.280E-02	7.943E-01	5.564E-03	3.362E-02	1.940E-01	1.338E-01	1.518E-01	1.529E-01	1.005E+00	9.616E-01	1.091E+00	1.792E+00	1.215E+00	1.308E+00	5.203E-02	1.133E-01	1.301E-01	4.088E-01	1.850E+00	3.459E-01	2.197E+00	1.850E+00	1.864E+00
2001-12-11	2.857E-01	6.424E-02	6.517E-02	6.073E-01	5.633E-03	2.587E-02	1.389E-01	9.828E-02	1.556E-01	1.565E-01	7.331E-01	9.790E-01	1.074E+00	1.860E+00	1.295E+00	1.363E+00	5.337E-02	9.738E-02	1.328E-01	3.357E-01	1.796E+00	2.486E-01	2.045E+00	1.895E+00	1.904E+00
2001-12-12	2.339E-01	6.606E-02	6.686E-02	5.085E-01	5.688E-03	2.245E-02	1.157E-01	8.036E-02	1.582E-01	1.589E-01	5.822E-01	9.558E-01	1.037E+00	1.876E+00	1.371E+00	1.430E+00	5.432E-02	9.175E-02	1.346E-01	3.000E-01	1.812E+00	2.063E-01	2.018E+00	1.921E+00	1.930E+00
2001-12-13	1.832E-01	6.725E-02	6.789E-02	4.177E-01	5.728E-03	1.884E-02	9.065E-02	6.308E-02	1.599E-01	1.605E-01	4.655E-01	9.133E-01	9.763E-01	1.855E+00	1.438E+00	1.482E+00	5.495E-02	8.387E-02	1.358E-01	2.660E-01	1.811E+00	1.618E-01	1.973E+00	1.938E+00	1.946E+00
2001-12-14	1.509E-01	6.781E-02	6.835E-02	3.561E-01	5.743E-03	1.647E-02	7.363E-02	5.208E-02	1.607E-01	1.613E-01	3.810E-01	8.612E-01	9.131E-01	1.806E+00	1.492E+00	1.532E+00	5.526E-02	7.884E-02	1.362E-01	2.430E-01	1.827E+00	1.317E-01	1.959E+00	1.948E+00	1.955E+00
2001-12-15	1.267E-01	6.799E-02	6.846E-02	3.092E-01	5.746E-03	1.454E-02	6.021E-02	4.324E-02	1.609E-01	1.614E-01	3.151E-01	8.065E-01	8.493E-01	1.742E+00	1.531E+00	1.566E+00	5.538E-02	7.469E-02	1.362E-01	2.246E-01	1.833E+00	1.082E-01	1.942E+00	1.953E+00	1.960E+00
2001-12-16	1.071E-01	6.790E-02	6.830E-02	2.709E-01	5.739E-03	1.295E-02	4.974E-02	3.598E-02	1.607E-01	1.612E-01	2.616E-01	7.524E-01	7.914E-01	1.667E+00	1.558E+00	1.590E+00	5.535E-02	7.117E-02	1.359E-01	2.093E-01	1.837E+00	9.007E-02	1.928E+00	1.955E+00	1.961E+00
2001-12-17	9.121E-02	6.759E-02	6.793E-02	2.400E-01	5.726E-03	1.187E-02	4.620E-02	3.003E-02	1.603E-01	1.607E-01	2.186E-01	7.007E-01	7.374E-01	1.588E+00	1.571E+00	1.602E+00	5.522E-02	6.997E-02	1.353E-01	1.971E-01	1.835E+00	8.307E-02	1.918E+00	1.955E+00	1.961E+00
2001-12-18	7.780E-02	6.710E-02	6.740E-02	2.197E-01	5.708E-03	1.146E-02	4.362E-02	2.658E-02	1.596E-01	1.600E-01	1.998E-01	6.536E-01	6.883E-01	1.510E+00	1.573E+00	1.602E+00	5.500E-02	6.889E-02	1.346E-01	1.897E-01	1.826E+00	7.777E-02	1.904E+00	1.953E+00	1.959E+00
2001-12-19	8.382E-02	6.672E-02	6.710E-02	2.324E-01	5.720E-03	1.231E-02	4.984E-02	2.934E-02	1.594E-01	1.599E-01	2.193E-01	6.159E-01	6.563E-01	1.441E+00	1.569E+00	1.605E+00	5.489E-02	7.075E-02	1.342E-01	1.950E-01	1.840E+00	8.905E-02	1.929E+00	1.955E+00	1.962E+00
2001-12-20	7.256E-02	6.661E-02	6.691E-02	2.142E-01	5.778E-03	1.151E-02	4.418E-02	2.601E-02	1.599E-01	1.604E-01	2.024E-01	5.862E-01	6.212E-01	1.381E+00	1.561E+00	1.592E+00	5.504E-02	6.892E-02	1.344E-01	1.888E-01	1.815E+00	7.932E-02	1.895E+00	1.960E+00	1.966E+00
2001-12-21	6.769E-02	6.653E-02	6.678E-02	2.033E-01	5.850E-03	1.122E-02	4.131E-02	2.443E-02	1.605E-01	1.609E-01	1.880E-01	5.595E-01	5.924E-01	1.323E+00	1.547E+00	1.576E+00	5.525E-02	6.830E-02	1.346E-01	1.852E-01	1.793E+00	7.347E-02	1.867E+00	1.961E+00	1.966E+00
2001-12-22	6.401E-02	6.609E-02	6.632E-02	1.949E-01	5.876E-03	1.093E-02	3.901E-02	2.305E-02	1.604E-01	1.607E-01	1.773E-01	5.337E-01	5.647E-01	1.266E+00	1.525E+00	1.552E+00	5.519E-02	6.754E-02	1.343E-01	1.818E-01	1.764E+00	6.887E-02	1.833E+00	1.953E+00	1.959E+00
2001-12-23	6.064E-02	6.537E-02	6.557E-02	1.872E-01	5.858E-03	1.063E-02	3.687E-02	2.180E-02	1.595E-01	1.599E-01	1.676E-01	5.090E-01	5.384E-01	1.209E+00	1.496E+00	1.522E+00	5.487E-02	6.656E-02	1.335E-01	1.782E-01	1.729E+00	6.511E-02	1.794E+00	1.938E+00	1.944E+00
2001-12-24	5.783E-02	6.502E-02	6.521E-02	1.810E-01	5.890E-03	1.041E-02	3.487E-02	2.072E-02	1.594E-01	1.597E-01	1.591E-01	4.884E-01	5.162E-01	1.160E+00	1.468E+00	1.493E+00	5.489E-02	6.593E-02	1.333E-01	1.757E-01	1.696E+00	6.167E-02	1.758E+00	1.925E+00	1.930E+00
2001-12-25	5.529E-02	6.620E-02	6.637E-02	1.770E-01	6.168E-03	1.044E-02	3.297E-02	1.971E-02	1.627E-01	1.630E-01	1.511E-01	4.776E-01	5.039E-01	1.128E+00	1.455E+00	1.486E+00	5.631E-02	6.790E-02	1.359E-01	1.760E-01	1.691E+00	5.849E-02	1.750E+00	1.932E+00	1.938E+00
2001-12-26	5.289E-02	6.703E-02	6.719E-02	1.727E-01	6.417E-03	1.046E-02	3.118E-02	1.875E-02	1.653E-01	1.657E-01	1.436E-01	4.663E-01	4.912E-01	1.096E+00	1.437E+00	1.463E+00	5.741E-02	6.790E-02	1.379E-01	1.760E-01	1.666E+00	5.539E-02	1.721E+00	1.930E+00	1.936E+00
2001-12-27	5.060E-02	6.688E-02	6.704E-02	1.679E-01	6.508E-03	1.034E-02	2.949E-02	1.783E-02	1.658E-01	1.661E-01	1.364E-01	4.514E-01	4.750E-01	1.058E+00	1.408E+00	1.432E+00	5.763E-02	6.755E-02	1.382E-01	1.745E-01	1.632E+00	5.248E-02	1.685E+00	1.913E+00	1.919E+00
2001-12-28	4.843E-02	6.684E-02	6.700E-02	1.633E-01	6.615E-03	1.024E-02	2.788E-02	1.697E-02	1.663E-01	1.667E-01	1.297E-01	4.380E-01	4.604E-01	1.023E+00	1.379E+00	1.402E+00	5.798E-02	6.735E-02	1.386E-01	1.732E-01	1.599E+00	4.974E-02	1.649E+00	1.895E+00	1.900E+00
2001-12-29	4.636E-02	6.646E-02	6.661E-02	1.587E-01	6.653E-03	1.009E-02	2.637E-02	1.615E-02	1.660E-01	1.663E-01	1.233E-01	4.239E-01	4.451E-01	9.861E-01	1.345E+00	1.368E+00	5.800E-02	6.688E-02	1.384E-01	1.713E-01	1.562E+00	4.715E-02	1.609E+00	1.870E+00	1.875E+00
2001-12-30	4.440E-02	6.589E-02	6.604E-02	1.541E-01	6.659E-03	9.910E-03	2.494E-02	1.537E-02	1.652E-01	1.655E-01	1.172E-01	4.099E-01	4.300E-01	9.501E-01	1.310E+00	1.331E+00	5.784E-02	6.624E-02	1.378E-01	1.691E-01	1.522E+00	4.469E-02	1.567E+00	1.839E+00	1.844E+00
2001-12-31	4.253E-02	6.504E-02	6.519E-02	1.494E-01	6.626E-03	9.706E-03	2.358E-02	1.464E-02	1.639E-01	1.642E-01	1.114E-01	3.959E-01	4.150E-01	9.144E-01	1.272E+00	1.293E+00	5.740E-02	6.536E-02	1.366E-01	1.665E-01	1.480E+00	4.237E-02	1.522E+00	1.804E+00	1.809E+00
